agent_id,start_pos,path
0,A5175,"['A5175', 'A5172', 'A5173', 'A5174', 'A5173', 'A5172', 'A5171', 'A5170', 'A5168', 'A5900', 'A5176', 'A5706', 'A5177', 'A5705', 'A5179', 'A5159', 'A5163', 'A5217', 'A5216', 'A5218', 'A5221', 'A5222', 'A5229', 'A5703', 'A5230', 'A5231', 'A5232', 'A5233', 'A5234', 'A5227', 'A5214', 'A5215', 'A5218', 'A5216', 'A5220', 'A5223', 'A5222', 'A5221', 'A5218', 'A5215', 'A5214', 'A5227', 'A5703', 'A5229', 'A5222', 'A5225', 'A5226', 'A5161', 'A5702', 'A5156', 'N-0498', 'A5156', 'A5159', 'A5179', 'A5164', 'A5165', 'A5182', 'A5181', 'A5180', 'A5164', 'A5179', 'A5705', 'A5165', 'A5164', 'A5180', 'A5184', 'A5180', 'A5186', 'A5185', 'A5186', 'A5188', 'A5190', 'A5191', 'A5190', 'A5192', 'A5193', 'A5194', 'A5195', 'A5198', 'A5199', 'A5200', 'A5199', 'A5201', 'A5202', 'A5201', 'A5503', 'A5203', 'A5204', 'A5205', 'A5204', 'A5208', 'A5207', 'A5206', 'A5503', 'A5196', 'A5195', 'A5194', 'A5193', 'A5199', 'A5198']"
1,A5175,"['A5175', 'A5172', 'A5173', 'A5174', 'A5173', 'A5172', 'A5171', 'A5170', 'A5168', 'A5900', 'A5176', 'A5706', 'A5177', 'A5705', 'A5179', 'A5159', 'A5163', 'A5217', 'A5216', 'A5218', 'A5221', 'A5222', 'A5229', 'A5703', 'A5230', 'A5231', 'A5232', 'A5233', 'A5234', 'A5227', 'A5214', 'A5215', 'A5218', 'A5216', 'A5220', 'A5223', 'A5222', 'A5221', 'A5218', 'A5215', 'A5214', 'A5227', 'A5703', 'A5229', 'A5222', 'A5225', 'A5226', 'A5161', 'A5702', 'A5156', 'N-0498', 'A5156', 'A5159', 'A5179', 'A5164', 'A5165', 'A5182', 'A5181', 'A5180', 'A5164', 'A5179', 'A5705', 'A5165', 'A5164', 'A5180', 'A5184', 'A5180', 'A5186', 'A5185', 'A5186', 'A5188', 'A5190', 'A5191', 'A5190', 'A5192', 'A5193', 'A5194', 'A5195', 'A5198', 'A5199', 'A5200', 'A5199', 'A5201', 'A5202', 'A5201', 'A5503', 'A5203', 'A5204', 'A5205', 'A5204', 'A5208', 'A5207', 'A5206', 'A5503', 'A5196', 'A5195', 'A5194', 'A5193', 'A5199', 'A5198']"
2,A5175,"['A5175', 'A5172', 'A5173', 'A5174', 'A5173', 'A5172', 'A5171', 'A5170', 'A5168', 'A5900', 'A5176', 'A5706', 'A5177', 'A5705', 'A5179', 'A5159', 'A5163', 'A5217', 'A5216', 'A5218', 'A5221', 'A5222', 'A5229', 'A5703', 'A5230', 'A5231', 'A5232', 'A5233', 'A5234', 'A5227', 'A5214', 'A5215', 'A5218', 'A5216', 'A5220', 'A5223', 'A5222', 'A5221', 'A5218', 'A5215', 'A5214', 'A5227', 'A5703', 'A5229', 'A5222', 'A5225', 'A5226', 'A5161', 'A5702', 'A5156', 'N-0498', 'A5156', 'A5159', 'A5179', 'A5164', 'A5165', 'A5182', 'A5181', 'A5180', 'A5164', 'A5179', 'A5705', 'A5165', 'A5164', 'A5180', 'A5184', 'A5180', 'A5186', 'A5185', 'A5186', 'A5188', 'A5190', 'A5191', 'A5190', 'A5192', 'A5193', 'A5194', 'A5195', 'A5198', 'A5199', 'A5200', 'A5199', 'A5201', 'A5202', 'A5201', 'A5503', 'A5203', 'A5204', 'A5205', 'A5204', 'A5208', 'A5207', 'A5206', 'A5503', 'A5196', 'A5195', 'A5194', 'A5193', 'A5199', 'A5198']"
3,A5175,"['A5175', 'A5172', 'A5173', 'A5174', 'A5173', 'A5172', 'A5171', 'A5170', 'A5168', 'A5900', 'A5176', 'A5706', 'A5177', 'A5705', 'A5179', 'A5159', 'A5163', 'A5217', 'A5216', 'A5218', 'A5221', 'A5222', 'A5229', 'A5703', 'A5230', 'A5231', 'A5232', 'A5233', 'A5234', 'A5227', 'A5214', 'A5215', 'A5218', 'A5216', 'A5220', 'A5223', 'A5222', 'A5221', 'A5218', 'A5215', 'A5214', 'A5227', 'A5703', 'A5229', 'A5222', 'A5225', 'A5226', 'A5161', 'A5702', 'A5156', 'N-0498', 'A5156', 'A5159', 'A5179', 'A5164', 'A5165', 'A5182', 'A5181', 'A5180', 'A5164', 'A5179', 'A5705', 'A5165', 'A5164', 'A5180', 'A5184', 'A5180', 'A5186', 'A5185', 'A5186', 'A5188', 'A5190', 'A5191', 'A5190', 'A5192', 'A5193', 'A5194', 'A5195', 'A5198', 'A5199', 'A5200', 'A5199', 'A5201', 'A5202', 'A5201', 'A5503', 'A5203', 'A5204', 'A5205', 'A5204', 'A5208', 'A5207', 'A5206', 'A5503', 'A5196', 'A5195', 'A5194', 'A5193', 'A5199', 'A5198']"
4,A5175,"['A5175', 'A5172', 'A5173', 'A5174', 'A5173', 'A5172', 'A5171', 'A5170', 'A5168', 'A5900', 'A5176', 'A5706', 'A5177', 'A5705', 'A5179', 'A5159', 'A5163', 'A5217', 'A5216', 'A5218', 'A5221', 'A5222', 'A5229', 'A5703', 'A5230', 'A5231', 'A5232', 'A5233', 'A5234', 'A5227', 'A5214', 'A5215', 'A5218', 'A5216', 'A5220', 'A5223', 'A5222', 'A5221', 'A5218', 'A5215', 'A5214', 'A5227', 'A5703', 'A5229', 'A5222', 'A5225', 'A5226', 'A5161', 'A5702', 'A5156', 'N-0498', 'A5156', 'A5159', 'A5179', 'A5164', 'A5165', 'A5182', 'A5181', 'A5180', 'A5164', 'A5179', 'A5705', 'A5165', 'A5164', 'A5180', 'A5184', 'A5180', 'A5186', 'A5185', 'A5186', 'A5188', 'A5190', 'A5191', 'A5190', 'A5192', 'A5193', 'A5194', 'A5195', 'A5198', 'A5199', 'A5200', 'A5199', 'A5201', 'A5202', 'A5201', 'A5503', 'A5203', 'A5204', 'A5205', 'A5204', 'A5208', 'A5207', 'A5206', 'A5503', 'A5196', 'A5195', 'A5194', 'A5193', 'A5199', 'A5198']"
5,A5175,"['A5175', 'A5172', 'A5173', 'A5174', 'A5173', 'A5172', 'A5171', 'A5170', 'A5168', 'A5900', 'A5176', 'A5706', 'A5177', 'A5705', 'A5179', 'A5159', 'A5163', 'A5217', 'A5216', 'A5218', 'A5221', 'A5222', 'A5229', 'A5703', 'A5230', 'A5231', 'A5232', 'A5233', 'A5234', 'A5227', 'A5214', 'A5215', 'A5218', 'A5216', 'A5220', 'A5223', 'A5222', 'A5221', 'A5218', 'A5215', 'A5214', 'A5227', 'A5703', 'A5229', 'A5222', 'A5225', 'A5226', 'A5161', 'A5702', 'A5156', 'N-0498', 'A5156', 'A5159', 'A5179', 'A5164', 'A5165', 'A5182', 'A5181', 'A5180', 'A5164', 'A5179', 'A5705', 'A5165', 'A5164', 'A5180', 'A5184', 'A5180', 'A5186', 'A5185', 'A5186', 'A5188', 'A5190', 'A5191', 'A5190', 'A5192', 'A5193', 'A5194', 'A5195', 'A5198', 'A5199', 'A5200', 'A5199', 'A5201', 'A5202', 'A5201', 'A5503', 'A5203', 'A5204', 'A5205', 'A5204', 'A5208', 'A5207', 'A5206', 'A5503', 'A5196', 'A5195', 'A5194', 'A5193', 'A5199', 'A5198']"
6,A5175,"['A5175', 'A5172', 'A5173', 'A5174', 'A5173', 'A5172', 'A5171', 'A5170', 'A5168', 'A5900', 'A5176', 'A5706', 'A5177', 'A5705', 'A5179', 'A5159', 'A5163', 'A5217', 'A5216', 'A5218', 'A5221', 'A5222', 'A5229', 'A5703', 'A5230', 'A5231', 'A5232', 'A5233', 'A5234', 'A5227', 'A5214', 'A5215', 'A5218', 'A5216', 'A5220', 'A5223', 'A5222', 'A5221', 'A5218', 'A5215', 'A5214', 'A5227', 'A5703', 'A5229', 'A5222', 'A5225', 'A5226', 'A5161', 'A5702', 'A5156', 'N-0498', 'A5156', 'A5159', 'A5179', 'A5164', 'A5165', 'A5182', 'A5181', 'A5180', 'A5164', 'A5179', 'A5705', 'A5165', 'A5164', 'A5180', 'A5184', 'A5180', 'A5186', 'A5185', 'A5186', 'A5188', 'A5190', 'A5191', 'A5190', 'A5192', 'A5193', 'A5194', 'A5195', 'A5198', 'A5199', 'A5200', 'A5199', 'A5201', 'A5202', 'A5201', 'A5503', 'A5203', 'A5204', 'A5205', 'A5204', 'A5208', 'A5207', 'A5206', 'A5503', 'A5196', 'A5195', 'A5194', 'A5193', 'A5199', 'A5198']"
7,A5175,"['A5175', 'A5172', 'A5173', 'A5174', 'A5173', 'A5172', 'A5171', 'A5170', 'A5168', 'A5900', 'A5176', 'A5706', 'A5177', 'A5705', 'A5179', 'A5159', 'A5163', 'A5217', 'A5216', 'A5218', 'A5221', 'A5222', 'A5229', 'A5703', 'A5230', 'A5231', 'A5232', 'A5233', 'A5234', 'A5227', 'A5214', 'A5215', 'A5218', 'A5216', 'A5220', 'A5223', 'A5222', 'A5221', 'A5218', 'A5215', 'A5214', 'A5227', 'A5703', 'A5229', 'A5222', 'A5225', 'A5226', 'A5161', 'A5702', 'A5156', 'N-0498', 'A5156', 'A5159', 'A5179', 'A5164', 'A5165', 'A5182', 'A5181', 'A5180', 'A5164', 'A5179', 'A5705', 'A5165', 'A5164', 'A5180', 'A5184', 'A5180', 'A5186', 'A5185', 'A5186', 'A5188', 'A5190', 'A5191', 'A5190', 'A5192', 'A5193', 'A5194', 'A5195', 'A5198', 'A5199', 'A5200', 'A5199', 'A5201', 'A5202', 'A5201', 'A5503', 'A5203', 'A5204', 'A5205', 'A5204', 'A5208', 'A5207', 'A5206', 'A5503', 'A5196', 'A5195', 'A5194', 'A5193', 'A5199', 'A5198']"
8,A5175,"['A5175', 'A5172', 'A5173', 'A5174', 'A5173', 'A5172', 'A5171', 'A5170', 'A5168', 'A5900', 'A5176', 'A5706', 'A5177', 'A5705', 'A5179', 'A5159', 'A5163', 'A5217', 'A5216', 'A5218', 'A5221', 'A5222', 'A5229', 'A5703', 'A5230', 'A5231', 'A5232', 'A5233', 'A5234', 'A5227', 'A5214', 'A5215', 'A5218', 'A5216', 'A5220', 'A5223', 'A5222', 'A5221', 'A5218', 'A5215', 'A5214', 'A5227', 'A5703', 'A5229', 'A5222', 'A5225', 'A5226', 'A5161', 'A5702', 'A5156', 'N-0498', 'A5156', 'A5159', 'A5179', 'A5164', 'A5165', 'A5182', 'A5181', 'A5180', 'A5164', 'A5179', 'A5705', 'A5165', 'A5164', 'A5180', 'A5184', 'A5180', 'A5186', 'A5185', 'A5186', 'A5188', 'A5190', 'A5191', 'A5190', 'A5192', 'A5193', 'A5194', 'A5195', 'A5198', 'A5199', 'A5200', 'A5199', 'A5201', 'A5202', 'A5201', 'A5503', 'A5203', 'A5204', 'A5205', 'A5204', 'A5208', 'A5207', 'A5206', 'A5503', 'A5196', 'A5195', 'A5194', 'A5193', 'A5199', 'A5198']"
9,A5175,"['A5175', 'A5172', 'A5173', 'A5174', 'A5173', 'A5172', 'A5171', 'A5170', 'A5168', 'A5900', 'A5176', 'A5706', 'A5177', 'A5705', 'A5179', 'A5159', 'A5163', 'A5217', 'A5216', 'A5218', 'A5221', 'A5222', 'A5229', 'A5703', 'A5230', 'A5231', 'A5232', 'A5233', 'A5234', 'A5227', 'A5214', 'A5215', 'A5218', 'A5216', 'A5220', 'A5223', 'A5222', 'A5221', 'A5218', 'A5215', 'A5214', 'A5227', 'A5703', 'A5229', 'A5222', 'A5225', 'A5226', 'A5161', 'A5702', 'A5156', 'N-0498', 'A5156', 'A5159', 'A5179', 'A5164', 'A5165', 'A5182', 'A5181', 'A5180', 'A5164', 'A5179', 'A5705', 'A5165', 'A5164', 'A5180', 'A5184', 'A5180', 'A5186', 'A5185', 'A5186', 'A5188', 'A5190', 'A5191', 'A5190', 'A5192', 'A5193', 'A5194', 'A5195', 'A5198', 'A5199', 'A5200', 'A5199', 'A5201', 'A5202', 'A5201', 'A5503', 'A5203', 'A5204', 'A5205', 'A5204', 'A5208', 'A5207', 'A5206', 'A5503', 'A5196', 'A5195', 'A5194', 'A5193', 'A5199', 'A5198']"
10,A5175,"['A5175', 'A5172', 'A5173', 'A5174', 'A5173', 'A5172', 'A5171', 'A5170', 'A5168', 'A5900', 'A5176', 'A5706', 'A5177', 'A5705', 'A5179', 'A5159', 'A5163', 'A5217', 'A5216', 'A5218', 'A5221', 'A5222', 'A5229', 'A5703', 'A5230', 'A5231', 'A5232', 'A5233', 'A5234', 'A5227', 'A5214', 'A5215', 'A5218', 'A5216', 'A5220', 'A5223', 'A5222', 'A5221', 'A5218', 'A5215', 'A5214', 'A5227', 'A5703', 'A5229', 'A5222', 'A5225', 'A5226', 'A5161', 'A5702', 'A5156', 'N-0498', 'A5156', 'A5159', 'A5179', 'A5164', 'A5165', 'A5182', 'A5181', 'A5180', 'A5164', 'A5179', 'A5705', 'A5165', 'A5164', 'A5180', 'A5184', 'A5180', 'A5186', 'A5185', 'A5186', 'A5188', 'A5190', 'A5191', 'A5190', 'A5192', 'A5193', 'A5194', 'A5195', 'A5198', 'A5199', 'A5200', 'A5199', 'A5201', 'A5202', 'A5201', 'A5503', 'A5203', 'A5204', 'A5205', 'A5204', 'A5208', 'A5207', 'A5206', 'A5503', 'A5196', 'A5195', 'A5194', 'A5193', 'A5199', 'A5198']"
11,A5175,"['A5175', 'A5172', 'A5173', 'A5174', 'A5173', 'A5172', 'A5171', 'A5170', 'A5168', 'A5900', 'A5176', 'A5706', 'A5177', 'A5705', 'A5179', 'A5159', 'A5163', 'A5217', 'A5216', 'A5218', 'A5221', 'A5222', 'A5229', 'A5703', 'A5230', 'A5231', 'A5232', 'A5233', 'A5234', 'A5227', 'A5214', 'A5215', 'A5218', 'A5216', 'A5220', 'A5223', 'A5222', 'A5221', 'A5218', 'A5215', 'A5214', 'A5227', 'A5703', 'A5229', 'A5222', 'A5225', 'A5226', 'A5161', 'A5702', 'A5156', 'N-0498', 'A5156', 'A5159', 'A5179', 'A5164', 'A5165', 'A5182', 'A5181', 'A5180', 'A5164', 'A5179', 'A5705', 'A5165', 'A5164', 'A5180', 'A5184', 'A5180', 'A5186', 'A5185', 'A5186', 'A5188', 'A5190', 'A5191', 'A5190', 'A5192', 'A5193', 'A5194', 'A5195', 'A5198', 'A5199', 'A5200', 'A5199', 'A5201', 'A5202', 'A5201', 'A5503', 'A5203', 'A5204', 'A5205', 'A5204', 'A5208', 'A5207', 'A5206', 'A5503', 'A5196', 'A5195', 'A5194', 'A5193', 'A5199', 'A5198']"
12,A5175,"['A5175', 'A5172', 'A5173', 'A5174', 'A5173', 'A5172', 'A5171', 'A5170', 'A5168', 'A5900', 'A5176', 'A5706', 'A5177', 'A5705', 'A5179', 'A5159', 'A5163', 'A5217', 'A5216', 'A5218', 'A5221', 'A5222', 'A5229', 'A5703', 'A5230', 'A5231', 'A5232', 'A5233', 'A5234', 'A5227', 'A5214', 'A5215', 'A5218', 'A5216', 'A5220', 'A5223', 'A5222', 'A5221', 'A5218', 'A5215', 'A5214', 'A5227', 'A5703', 'A5229', 'A5222', 'A5225', 'A5226', 'A5161', 'A5702', 'A5156', 'N-0498', 'A5156', 'A5159', 'A5179', 'A5164', 'A5165', 'A5182', 'A5181', 'A5180', 'A5164', 'A5179', 'A5705', 'A5165', 'A5164', 'A5180', 'A5184', 'A5180', 'A5186', 'A5185', 'A5186', 'A5188', 'A5190', 'A5191', 'A5190', 'A5192', 'A5193', 'A5194', 'A5195', 'A5198', 'A5199', 'A5200', 'A5199', 'A5201', 'A5202', 'A5201', 'A5503', 'A5203', 'A5204', 'A5205', 'A5204', 'A5208', 'A5207', 'A5206', 'A5503', 'A5196', 'A5195', 'A5194', 'A5193', 'A5199', 'A5198']"
13,A5175,"['A5175', 'A5172', 'A5173', 'A5174', 'A5173', 'A5172', 'A5171', 'A5170', 'A5168', 'A5900', 'A5176', 'A5706', 'A5177', 'A5705', 'A5179', 'A5159', 'A5163', 'A5217', 'A5216', 'A5218', 'A5221', 'A5222', 'A5229', 'A5703', 'A5230', 'A5231', 'A5232', 'A5233', 'A5234', 'A5227', 'A5214', 'A5215', 'A5218', 'A5216', 'A5220', 'A5223', 'A5222', 'A5221', 'A5218', 'A5215', 'A5214', 'A5227', 'A5703', 'A5229', 'A5222', 'A5225', 'A5226', 'A5161', 'A5702', 'A5156', 'N-0498', 'A5156', 'A5159', 'A5179', 'A5164', 'A5165', 'A5182', 'A5181', 'A5180', 'A5164', 'A5179', 'A5705', 'A5165', 'A5164', 'A5180', 'A5184', 'A5180', 'A5186', 'A5185', 'A5186', 'A5188', 'A5190', 'A5191', 'A5190', 'A5192', 'A5193', 'A5194', 'A5195', 'A5198', 'A5199', 'A5200', 'A5199', 'A5201', 'A5202', 'A5201', 'A5503', 'A5203', 'A5204', 'A5205', 'A5204', 'A5208', 'A5207', 'A5206', 'A5503', 'A5196', 'A5195', 'A5194', 'A5193', 'A5199', 'A5198']"
14,A5175,"['A5175', 'A5172', 'A5173', 'A5174', 'A5173', 'A5172', 'A5171', 'A5170', 'A5168', 'A5900', 'A5176', 'A5706', 'A5177', 'A5705', 'A5179', 'A5159', 'A5163', 'A5217', 'A5216', 'A5218', 'A5221', 'A5222', 'A5229', 'A5703', 'A5230', 'A5231', 'A5232', 'A5233', 'A5234', 'A5227', 'A5214', 'A5215', 'A5218', 'A5216', 'A5220', 'A5223', 'A5222', 'A5221', 'A5218', 'A5215', 'A5214', 'A5227', 'A5703', 'A5229', 'A5222', 'A5225', 'A5226', 'A5161', 'A5702', 'A5156', 'N-0498', 'A5156', 'A5159', 'A5179', 'A5164', 'A5165', 'A5182', 'A5181', 'A5180', 'A5164', 'A5179', 'A5705', 'A5165', 'A5164', 'A5180', 'A5184', 'A5180', 'A5186', 'A5185', 'A5186', 'A5188', 'A5190', 'A5191', 'A5190', 'A5192', 'A5193', 'A5194', 'A5195', 'A5198', 'A5199', 'A5200', 'A5199', 'A5201', 'A5202', 'A5201', 'A5503', 'A5203', 'A5204', 'A5205', 'A5204', 'A5208', 'A5207', 'A5206', 'A5503', 'A5196', 'A5195', 'A5194', 'A5193', 'A5199', 'A5198']"
15,A5175,"['A5175', 'A5172', 'A5173', 'A5174', 'A5173', 'A5172', 'A5171', 'A5170', 'A5168', 'A5900', 'A5176', 'A5706', 'A5177', 'A5705', 'A5179', 'A5159', 'A5163', 'A5217', 'A5216', 'A5218', 'A5221', 'A5222', 'A5229', 'A5703', 'A5230', 'A5231', 'A5232', 'A5233', 'A5234', 'A5227', 'A5214', 'A5215', 'A5218', 'A5216', 'A5220', 'A5223', 'A5222', 'A5221', 'A5218', 'A5215', 'A5214', 'A5227', 'A5703', 'A5229', 'A5222', 'A5225', 'A5226', 'A5161', 'A5702', 'A5156', 'N-0498', 'A5156', 'A5159', 'A5179', 'A5164', 'A5165', 'A5182', 'A5181', 'A5180', 'A5164', 'A5179', 'A5705', 'A5165', 'A5164', 'A5180', 'A5184', 'A5180', 'A5186', 'A5185', 'A5186', 'A5188', 'A5190', 'A5191', 'A5190', 'A5192', 'A5193', 'A5194', 'A5195', 'A5198', 'A5199', 'A5200', 'A5199', 'A5201', 'A5202', 'A5201', 'A5503', 'A5203', 'A5204', 'A5205', 'A5204', 'A5208', 'A5207', 'A5206', 'A5503', 'A5196', 'A5195', 'A5194', 'A5193', 'A5199', 'A5198']"
16,A5175,"['A5175', 'A5172', 'A5173', 'A5174', 'A5173', 'A5172', 'A5171', 'A5170', 'A5168', 'A5900', 'A5176', 'A5706', 'A5177', 'A5705', 'A5179', 'A5159', 'A5163', 'A5217', 'A5216', 'A5218', 'A5221', 'A5222', 'A5229', 'A5703', 'A5230', 'A5231', 'A5232', 'A5233', 'A5234', 'A5227', 'A5214', 'A5215', 'A5218', 'A5216', 'A5220', 'A5223', 'A5222', 'A5221', 'A5218', 'A5215', 'A5214', 'A5227', 'A5703', 'A5229', 'A5222', 'A5225', 'A5226', 'A5161', 'A5702', 'A5156', 'N-0498', 'A5156', 'A5159', 'A5179', 'A5164', 'A5165', 'A5182', 'A5181', 'A5180', 'A5164', 'A5179', 'A5705', 'A5165', 'A5164', 'A5180', 'A5184', 'A5180', 'A5186', 'A5185', 'A5186', 'A5188', 'A5190', 'A5191', 'A5190', 'A5192', 'A5193', 'A5194', 'A5195', 'A5198', 'A5199', 'A5200', 'A5199', 'A5201', 'A5202', 'A5201', 'A5503', 'A5203', 'A5204', 'A5205', 'A5204', 'A5208', 'A5207', 'A5206', 'A5503', 'A5196', 'A5195', 'A5194', 'A5193', 'A5199', 'A5198']"
17,A5175,"['A5175', 'A5172', 'A5173', 'A5174', 'A5173', 'A5172', 'A5171', 'A5170', 'A5168', 'A5900', 'A5176', 'A5706', 'A5177', 'A5705', 'A5179', 'A5159', 'A5163', 'A5217', 'A5216', 'A5218', 'A5221', 'A5222', 'A5229', 'A5703', 'A5230', 'A5231', 'A5232', 'A5233', 'A5234', 'A5227', 'A5214', 'A5215', 'A5218', 'A5216', 'A5220', 'A5223', 'A5222', 'A5221', 'A5218', 'A5215', 'A5214', 'A5227', 'A5703', 'A5229', 'A5222', 'A5225', 'A5226', 'A5161', 'A5702', 'A5156', 'N-0498', 'A5156', 'A5159', 'A5179', 'A5164', 'A5165', 'A5182', 'A5181', 'A5180', 'A5164', 'A5179', 'A5705', 'A5165', 'A5164', 'A5180', 'A5184', 'A5180', 'A5186', 'A5185', 'A5186', 'A5188', 'A5190', 'A5191', 'A5190', 'A5192', 'A5193', 'A5194', 'A5195', 'A5198', 'A5199', 'A5200', 'A5199', 'A5201', 'A5202', 'A5201', 'A5503', 'A5203', 'A5204', 'A5205', 'A5204', 'A5208', 'A5207', 'A5206', 'A5503', 'A5196', 'A5195', 'A5194', 'A5193', 'A5199', 'A5198']"
18,A5175,"['A5175', 'A5172', 'A5173', 'A5174', 'A5173', 'A5172', 'A5171', 'A5170', 'A5168', 'A5900', 'A5176', 'A5706', 'A5177', 'A5705', 'A5179', 'A5159', 'A5163', 'A5217', 'A5216', 'A5218', 'A5221', 'A5222', 'A5229', 'A5703', 'A5230', 'A5231', 'A5232', 'A5233', 'A5234', 'A5227', 'A5214', 'A5215', 'A5218', 'A5216', 'A5220', 'A5223', 'A5222', 'A5221', 'A5218', 'A5215', 'A5214', 'A5227', 'A5703', 'A5229', 'A5222', 'A5225', 'A5226', 'A5161', 'A5702', 'A5156', 'N-0498', 'A5156', 'A5159', 'A5179', 'A5164', 'A5165', 'A5182', 'A5181', 'A5180', 'A5164', 'A5179', 'A5705', 'A5165', 'A5164', 'A5180', 'A5184', 'A5180', 'A5186', 'A5185', 'A5186', 'A5188', 'A5190', 'A5191', 'A5190', 'A5192', 'A5193', 'A5194', 'A5195', 'A5198', 'A5199', 'A5200', 'A5199', 'A5201', 'A5202', 'A5201', 'A5503', 'A5203', 'A5204', 'A5205', 'A5204', 'A5208', 'A5207', 'A5206', 'A5503', 'A5196', 'A5195', 'A5194', 'A5193', 'A5199', 'A5198']"
19,A5175,"['A5175', 'A5172', 'A5173', 'A5174', 'A5173', 'A5172', 'A5171', 'A5170', 'A5168', 'A5900', 'A5176', 'A5706', 'A5177', 'A5705', 'A5179', 'A5159', 'A5163', 'A5217', 'A5216', 'A5218', 'A5221', 'A5222', 'A5229', 'A5703', 'A5230', 'A5231', 'A5232', 'A5233', 'A5234', 'A5227', 'A5214', 'A5215', 'A5218', 'A5216', 'A5220', 'A5223', 'A5222', 'A5221', 'A5218', 'A5215', 'A5214', 'A5227', 'A5703', 'A5229', 'A5222', 'A5225', 'A5226', 'A5161', 'A5702', 'A5156', 'N-0498', 'A5156', 'A5159', 'A5179', 'A5164', 'A5165', 'A5182', 'A5181', 'A5180', 'A5164', 'A5179', 'A5705', 'A5165', 'A5164', 'A5180', 'A5184', 'A5180', 'A5186', 'A5185', 'A5186', 'A5188', 'A5190', 'A5191', 'A5190', 'A5192', 'A5193', 'A5194', 'A5195', 'A5198', 'A5199', 'A5200', 'A5199', 'A5201', 'A5202', 'A5201', 'A5503', 'A5203', 'A5204', 'A5205', 'A5204', 'A5208', 'A5207', 'A5206', 'A5503', 'A5196', 'A5195', 'A5194', 'A5193', 'A5199', 'A5198']"
20,A5175,"['A5175', 'A5172', 'A5173', 'A5174', 'A5173', 'A5172', 'A5171', 'A5170', 'A5168', 'A5900', 'A5176', 'A5706', 'A5177', 'A5705', 'A5179', 'A5159', 'A5163', 'A5217', 'A5216', 'A5218', 'A5221', 'A5222', 'A5229', 'A5703', 'A5230', 'A5231', 'A5232', 'A5233', 'A5234', 'A5227', 'A5214', 'A5215', 'A5218', 'A5216', 'A5220', 'A5223', 'A5222', 'A5221', 'A5218', 'A5215', 'A5214', 'A5227', 'A5703', 'A5229', 'A5222', 'A5225', 'A5226', 'A5161', 'A5702', 'A5156', 'N-0498', 'A5156', 'A5159', 'A5179', 'A5164', 'A5165', 'A5182', 'A5181', 'A5180', 'A5164', 'A5179', 'A5705', 'A5165', 'A5164', 'A5180', 'A5184', 'A5180', 'A5186', 'A5185', 'A5186', 'A5188', 'A5190', 'A5191', 'A5190', 'A5192', 'A5193', 'A5194', 'A5195', 'A5198', 'A5199', 'A5200', 'A5199', 'A5201', 'A5202', 'A5201', 'A5503', 'A5203', 'A5204', 'A5205', 'A5204', 'A5208', 'A5207', 'A5206', 'A5503', 'A5196', 'A5195', 'A5194', 'A5193', 'A5199', 'A5198']"
21,A5175,"['A5175', 'A5172', 'A5173', 'A5174', 'A5173', 'A5172', 'A5171', 'A5170', 'A5168', 'A5900', 'A5176', 'A5706', 'A5177', 'A5705', 'A5179', 'A5159', 'A5163', 'A5217', 'A5216', 'A5218', 'A5221', 'A5222', 'A5229', 'A5703', 'A5230', 'A5231', 'A5232', 'A5233', 'A5234', 'A5227', 'A5214', 'A5215', 'A5218', 'A5216', 'A5220', 'A5223', 'A5222', 'A5221', 'A5218', 'A5215', 'A5214', 'A5227', 'A5703', 'A5229', 'A5222', 'A5225', 'A5226', 'A5161', 'A5702', 'A5156', 'N-0498', 'A5156', 'A5159', 'A5179', 'A5164', 'A5165', 'A5182', 'A5181', 'A5180', 'A5164', 'A5179', 'A5705', 'A5165', 'A5164', 'A5180', 'A5184', 'A5180', 'A5186', 'A5185', 'A5186', 'A5188', 'A5190', 'A5191', 'A5190', 'A5192', 'A5193', 'A5194', 'A5195', 'A5198', 'A5199', 'A5200', 'A5199', 'A5201', 'A5202', 'A5201', 'A5503', 'A5203', 'A5204', 'A5205', 'A5204', 'A5208', 'A5207', 'A5206', 'A5503', 'A5196', 'A5195', 'A5194', 'A5193', 'A5199', 'A5198']"
22,A5175,"['A5175', 'A5172', 'A5173', 'A5174', 'A5173', 'A5172', 'A5171', 'A5170', 'A5168', 'A5900', 'A5176', 'A5706', 'A5177', 'A5705', 'A5179', 'A5159', 'A5163', 'A5217', 'A5216', 'A5218', 'A5221', 'A5222', 'A5229', 'A5703', 'A5230', 'A5231', 'A5232', 'A5233', 'A5234', 'A5227', 'A5214', 'A5215', 'A5218', 'A5216', 'A5220', 'A5223', 'A5222', 'A5221', 'A5218', 'A5215', 'A5214', 'A5227', 'A5703', 'A5229', 'A5222', 'A5225', 'A5226', 'A5161', 'A5702', 'A5156', 'N-0498', 'A5156', 'A5159', 'A5179', 'A5164', 'A5165', 'A5182', 'A5181', 'A5180', 'A5164', 'A5179', 'A5705', 'A5165', 'A5164', 'A5180', 'A5184', 'A5180', 'A5186', 'A5185', 'A5186', 'A5188', 'A5190', 'A5191', 'A5190', 'A5192', 'A5193', 'A5194', 'A5195', 'A5198', 'A5199', 'A5200', 'A5199', 'A5201', 'A5202', 'A5201', 'A5503', 'A5203', 'A5204', 'A5205', 'A5204', 'A5208', 'A5207', 'A5206', 'A5503', 'A5196', 'A5195', 'A5194', 'A5193', 'A5199', 'A5198']"
23,A5175,"['A5175', 'A5172', 'A5173', 'A5174', 'A5173', 'A5172', 'A5171', 'A5170', 'A5168', 'A5900', 'A5176', 'A5706', 'A5177', 'A5705', 'A5179', 'A5159', 'A5163', 'A5217', 'A5216', 'A5218', 'A5221', 'A5222', 'A5229', 'A5703', 'A5230', 'A5231', 'A5232', 'A5233', 'A5234', 'A5227', 'A5214', 'A5215', 'A5218', 'A5216', 'A5220', 'A5223', 'A5222', 'A5221', 'A5218', 'A5215', 'A5214', 'A5227', 'A5703', 'A5229', 'A5222', 'A5225', 'A5226', 'A5161', 'A5702', 'A5156', 'N-0498', 'A5156', 'A5159', 'A5179', 'A5164', 'A5165', 'A5182', 'A5181', 'A5180', 'A5164', 'A5179', 'A5705', 'A5165', 'A5164', 'A5180', 'A5184', 'A5180', 'A5186', 'A5185', 'A5186', 'A5188', 'A5190', 'A5191', 'A5190', 'A5192', 'A5193', 'A5194', 'A5195', 'A5198', 'A5199', 'A5200', 'A5199', 'A5201', 'A5202', 'A5201', 'A5503', 'A5203', 'A5204', 'A5205', 'A5204', 'A5208', 'A5207', 'A5206', 'A5503', 'A5196', 'A5195', 'A5194', 'A5193', 'A5199', 'A5198']"
24,A5175,"['A5175', 'A5172', 'A5173', 'A5174', 'A5173', 'A5172', 'A5171', 'A5170', 'A5168', 'A5900', 'A5176', 'A5706', 'A5177', 'A5705', 'A5179', 'A5159', 'A5163', 'A5217', 'A5216', 'A5218', 'A5221', 'A5222', 'A5229', 'A5703', 'A5230', 'A5231', 'A5232', 'A5233', 'A5234', 'A5227', 'A5214', 'A5215', 'A5218', 'A5216', 'A5220', 'A5223', 'A5222', 'A5221', 'A5218', 'A5215', 'A5214', 'A5227', 'A5703', 'A5229', 'A5222', 'A5225', 'A5226', 'A5161', 'A5702', 'A5156', 'N-0498', 'A5156', 'A5159', 'A5179', 'A5164', 'A5165', 'A5182', 'A5181', 'A5180', 'A5164', 'A5179', 'A5705', 'A5165', 'A5164', 'A5180', 'A5184', 'A5180', 'A5186', 'A5185', 'A5186', 'A5188', 'A5190', 'A5191', 'A5190', 'A5192', 'A5193', 'A5194', 'A5195', 'A5198', 'A5199', 'A5200', 'A5199', 'A5201', 'A5202', 'A5201', 'A5503', 'A5203', 'A5204', 'A5205', 'A5204', 'A5208', 'A5207', 'A5206', 'A5503', 'A5196', 'A5195', 'A5194', 'A5193', 'A5199', 'A5198']"
25,A5175,"['A5175', 'A5172', 'A5173', 'A5174', 'A5173', 'A5172', 'A5171', 'A5170', 'A5168', 'A5900', 'A5176', 'A5706', 'A5177', 'A5705', 'A5179', 'A5159', 'A5163', 'A5217', 'A5216', 'A5218', 'A5221', 'A5222', 'A5229', 'A5703', 'A5230', 'A5231', 'A5232', 'A5233', 'A5234', 'A5227', 'A5214', 'A5215', 'A5218', 'A5216', 'A5220', 'A5223', 'A5222', 'A5221', 'A5218', 'A5215', 'A5214', 'A5227', 'A5703', 'A5229', 'A5222', 'A5225', 'A5226', 'A5161', 'A5702', 'A5156', 'N-0498', 'A5156', 'A5159', 'A5179', 'A5164', 'A5165', 'A5182', 'A5181', 'A5180', 'A5164', 'A5179', 'A5705', 'A5165', 'A5164', 'A5180', 'A5184', 'A5180', 'A5186', 'A5185', 'A5186', 'A5188', 'A5190', 'A5191', 'A5190', 'A5192', 'A5193', 'A5194', 'A5195', 'A5198', 'A5199', 'A5200', 'A5199', 'A5201', 'A5202', 'A5201', 'A5503', 'A5203', 'A5204', 'A5205', 'A5204', 'A5208', 'A5207', 'A5206', 'A5503', 'A5196', 'A5195', 'A5194', 'A5193', 'A5199', 'A5198']"
26,A5175,"['A5175', 'A5172', 'A5173', 'A5174', 'A5173', 'A5172', 'A5171', 'A5170', 'A5168', 'A5900', 'A5176', 'A5706', 'A5177', 'A5705', 'A5179', 'A5159', 'A5163', 'A5217', 'A5216', 'A5218', 'A5221', 'A5222', 'A5229', 'A5703', 'A5230', 'A5231', 'A5232', 'A5233', 'A5234', 'A5227', 'A5214', 'A5215', 'A5218', 'A5216', 'A5220', 'A5223', 'A5222', 'A5221', 'A5218', 'A5215', 'A5214', 'A5227', 'A5703', 'A5229', 'A5222', 'A5225', 'A5226', 'A5161', 'A5702', 'A5156', 'N-0498', 'A5156', 'A5159', 'A5179', 'A5164', 'A5165', 'A5182', 'A5181', 'A5180', 'A5164', 'A5179', 'A5705', 'A5165', 'A5164', 'A5180', 'A5184', 'A5180', 'A5186', 'A5185', 'A5186', 'A5188', 'A5190', 'A5191', 'A5190', 'A5192', 'A5193', 'A5194', 'A5195', 'A5198', 'A5199', 'A5200', 'A5199', 'A5201', 'A5202', 'A5201', 'A5503', 'A5203', 'A5204', 'A5205', 'A5204', 'A5208', 'A5207', 'A5206', 'A5503', 'A5196', 'A5195', 'A5194', 'A5193', 'A5199', 'A5198']"
27,A5175,"['A5175', 'A5172', 'A5173', 'A5174', 'A5173', 'A5172', 'A5171', 'A5170', 'A5168', 'A5900', 'A5176', 'A5706', 'A5177', 'A5705', 'A5179', 'A5159', 'A5163', 'A5217', 'A5216', 'A5218', 'A5221', 'A5222', 'A5229', 'A5703', 'A5230', 'A5231', 'A5232', 'A5233', 'A5234', 'A5227', 'A5214', 'A5215', 'A5218', 'A5216', 'A5220', 'A5223', 'A5222', 'A5221', 'A5218', 'A5215', 'A5214', 'A5227', 'A5703', 'A5229', 'A5222', 'A5225', 'A5226', 'A5161', 'A5702', 'A5156', 'N-0498', 'A5156', 'A5159', 'A5179', 'A5164', 'A5165', 'A5182', 'A5181', 'A5180', 'A5164', 'A5179', 'A5705', 'A5165', 'A5164', 'A5180', 'A5184', 'A5180', 'A5186', 'A5185', 'A5186', 'A5188', 'A5190', 'A5191', 'A5190', 'A5192', 'A5193', 'A5194', 'A5195', 'A5198', 'A5199', 'A5200', 'A5199', 'A5201', 'A5202', 'A5201', 'A5503', 'A5203', 'A5204', 'A5205', 'A5204', 'A5208', 'A5207', 'A5206', 'A5503', 'A5196', 'A5195', 'A5194', 'A5193', 'A5199', 'A5198']"
28,A5175,"['A5175', 'A5172', 'A5173', 'A5174', 'A5173', 'A5172', 'A5171', 'A5170', 'A5168', 'A5900', 'A5176', 'A5706', 'A5177', 'A5705', 'A5179', 'A5159', 'A5163', 'A5217', 'A5216', 'A5218', 'A5221', 'A5222', 'A5229', 'A5703', 'A5230', 'A5231', 'A5232', 'A5233', 'A5234', 'A5227', 'A5214', 'A5215', 'A5218', 'A5216', 'A5220', 'A5223', 'A5222', 'A5221', 'A5218', 'A5215', 'A5214', 'A5227', 'A5703', 'A5229', 'A5222', 'A5225', 'A5226', 'A5161', 'A5702', 'A5156', 'N-0498', 'A5156', 'A5159', 'A5179', 'A5164', 'A5165', 'A5182', 'A5181', 'A5180', 'A5164', 'A5179', 'A5705', 'A5165', 'A5164', 'A5180', 'A5184', 'A5180', 'A5186', 'A5185', 'A5186', 'A5188', 'A5190', 'A5191', 'A5190', 'A5192', 'A5193', 'A5194', 'A5195', 'A5198', 'A5199', 'A5200', 'A5199', 'A5201', 'A5202', 'A5201', 'A5503', 'A5203', 'A5204', 'A5205', 'A5204', 'A5208', 'A5207', 'A5206', 'A5503', 'A5196', 'A5195', 'A5194', 'A5193', 'A5199', 'A5198']"
29,A5175,"['A5175', 'A5172', 'A5173', 'A5174', 'A5173', 'A5172', 'A5171', 'A5170', 'A5168', 'A5900', 'A5176', 'A5706', 'A5177', 'A5705', 'A5179', 'A5159', 'A5163', 'A5217', 'A5216', 'A5218', 'A5221', 'A5222', 'A5229', 'A5703', 'A5230', 'A5231', 'A5232', 'A5233', 'A5234', 'A5227', 'A5214', 'A5215', 'A5218', 'A5216', 'A5220', 'A5223', 'A5222', 'A5221', 'A5218', 'A5215', 'A5214', 'A5227', 'A5703', 'A5229', 'A5222', 'A5225', 'A5226', 'A5161', 'A5702', 'A5156', 'N-0498', 'A5156', 'A5159', 'A5179', 'A5164', 'A5165', 'A5182', 'A5181', 'A5180', 'A5164', 'A5179', 'A5705', 'A5165', 'A5164', 'A5180', 'A5184', 'A5180', 'A5186', 'A5185', 'A5186', 'A5188', 'A5190', 'A5191', 'A5190', 'A5192', 'A5193', 'A5194', 'A5195', 'A5198', 'A5199', 'A5200', 'A5199', 'A5201', 'A5202', 'A5201', 'A5503', 'A5203', 'A5204', 'A5205', 'A5204', 'A5208', 'A5207', 'A5206', 'A5503', 'A5196', 'A5195', 'A5194', 'A5193', 'A5199', 'A5198']"
30,A5175,"['A5175', 'A5172', 'A5173', 'A5174', 'A5173', 'A5172', 'A5171', 'A5170', 'A5168', 'A5900', 'A5176', 'A5706', 'A5177', 'A5705', 'A5179', 'A5159', 'A5163', 'A5217', 'A5216', 'A5218', 'A5221', 'A5222', 'A5229', 'A5703', 'A5230', 'A5231', 'A5232', 'A5233', 'A5234', 'A5227', 'A5214', 'A5215', 'A5218', 'A5216', 'A5220', 'A5223', 'A5222', 'A5221', 'A5218', 'A5215', 'A5214', 'A5227', 'A5703', 'A5229', 'A5222', 'A5225', 'A5226', 'A5161', 'A5702', 'A5156', 'N-0498', 'A5156', 'A5159', 'A5179', 'A5164', 'A5165', 'A5182', 'A5181', 'A5180', 'A5164', 'A5179', 'A5705', 'A5165', 'A5164', 'A5180', 'A5184', 'A5180', 'A5186', 'A5185', 'A5186', 'A5188', 'A5190', 'A5191', 'A5190', 'A5192', 'A5193', 'A5194', 'A5195', 'A5198', 'A5199', 'A5200', 'A5199', 'A5201', 'A5202', 'A5201', 'A5503', 'A5203', 'A5204', 'A5205', 'A5204', 'A5208', 'A5207', 'A5206', 'A5503', 'A5196', 'A5195', 'A5194', 'A5193', 'A5199', 'A5198']"
31,A5175,"['A5175', 'A5172', 'A5173', 'A5174', 'A5173', 'A5172', 'A5171', 'A5170', 'A5168', 'A5900', 'A5176', 'A5706', 'A5177', 'A5705', 'A5179', 'A5159', 'A5163', 'A5217', 'A5216', 'A5218', 'A5221', 'A5222', 'A5229', 'A5703', 'A5230', 'A5231', 'A5232', 'A5233', 'A5234', 'A5227', 'A5214', 'A5215', 'A5218', 'A5216', 'A5220', 'A5223', 'A5222', 'A5221', 'A5218', 'A5215', 'A5214', 'A5227', 'A5703', 'A5229', 'A5222', 'A5225', 'A5226', 'A5161', 'A5702', 'A5156', 'N-0498', 'A5156', 'A5159', 'A5179', 'A5164', 'A5165', 'A5182', 'A5181', 'A5180', 'A5164', 'A5179', 'A5705', 'A5165', 'A5164', 'A5180', 'A5184', 'A5180', 'A5186', 'A5185', 'A5186', 'A5188', 'A5190', 'A5191', 'A5190', 'A5192', 'A5193', 'A5194', 'A5195', 'A5198', 'A5199', 'A5200', 'A5199', 'A5201', 'A5202', 'A5201', 'A5503', 'A5203', 'A5204', 'A5205', 'A5204', 'A5208', 'A5207', 'A5206', 'A5503', 'A5196', 'A5195', 'A5194', 'A5193', 'A5199', 'A5198']"
32,A5175,"['A5175', 'A5172', 'A5173', 'A5174', 'A5173', 'A5172', 'A5171', 'A5170', 'A5168', 'A5900', 'A5176', 'A5706', 'A5177', 'A5705', 'A5179', 'A5159', 'A5163', 'A5217', 'A5216', 'A5218', 'A5221', 'A5222', 'A5229', 'A5703', 'A5230', 'A5231', 'A5232', 'A5233', 'A5234', 'A5227', 'A5214', 'A5215', 'A5218', 'A5216', 'A5220', 'A5223', 'A5222', 'A5221', 'A5218', 'A5215', 'A5214', 'A5227', 'A5703', 'A5229', 'A5222', 'A5225', 'A5226', 'A5161', 'A5702', 'A5156', 'N-0498', 'A5156', 'A5159', 'A5179', 'A5164', 'A5165', 'A5182', 'A5181', 'A5180', 'A5164', 'A5179', 'A5705', 'A5165', 'A5164', 'A5180', 'A5184', 'A5180', 'A5186', 'A5185', 'A5186', 'A5188', 'A5190', 'A5191', 'A5190', 'A5192', 'A5193', 'A5194', 'A5195', 'A5198', 'A5199', 'A5200', 'A5199', 'A5201', 'A5202', 'A5201', 'A5503', 'A5203', 'A5204', 'A5205', 'A5204', 'A5208', 'A5207', 'A5206', 'A5503', 'A5196', 'A5195', 'A5194', 'A5193', 'A5199', 'A5198']"
33,A5175,"['A5175', 'A5172', 'A5173', 'A5174', 'A5173', 'A5172', 'A5171', 'A5170', 'A5168', 'A5900', 'A5176', 'A5706', 'A5177', 'A5705', 'A5179', 'A5159', 'A5163', 'A5217', 'A5216', 'A5218', 'A5221', 'A5222', 'A5229', 'A5703', 'A5230', 'A5231', 'A5232', 'A5233', 'A5234', 'A5227', 'A5214', 'A5215', 'A5218', 'A5216', 'A5220', 'A5223', 'A5222', 'A5221', 'A5218', 'A5215', 'A5214', 'A5227', 'A5703', 'A5229', 'A5222', 'A5225', 'A5226', 'A5161', 'A5702', 'A5156', 'N-0498', 'A5156', 'A5159', 'A5179', 'A5164', 'A5165', 'A5182', 'A5181', 'A5180', 'A5164', 'A5179', 'A5705', 'A5165', 'A5164', 'A5180', 'A5184', 'A5180', 'A5186', 'A5185', 'A5186', 'A5188', 'A5190', 'A5191', 'A5190', 'A5192', 'A5193', 'A5194', 'A5195', 'A5198', 'A5199', 'A5200', 'A5199', 'A5201', 'A5202', 'A5201', 'A5503', 'A5203', 'A5204', 'A5205', 'A5204', 'A5208', 'A5207', 'A5206', 'A5503', 'A5196', 'A5195', 'A5194', 'A5193', 'A5199', 'A5198']"
34,A5175,"['A5175', 'A5172', 'A5173', 'A5174', 'A5173', 'A5172', 'A5171', 'A5170', 'A5168', 'A5900', 'A5176', 'A5706', 'A5177', 'A5705', 'A5179', 'A5159', 'A5163', 'A5217', 'A5216', 'A5218', 'A5221', 'A5222', 'A5229', 'A5703', 'A5230', 'A5231', 'A5232', 'A5233', 'A5234', 'A5227', 'A5214', 'A5215', 'A5218', 'A5216', 'A5220', 'A5223', 'A5222', 'A5221', 'A5218', 'A5215', 'A5214', 'A5227', 'A5703', 'A5229', 'A5222', 'A5225', 'A5226', 'A5161', 'A5702', 'A5156', 'N-0498', 'A5156', 'A5159', 'A5179', 'A5164', 'A5165', 'A5182', 'A5181', 'A5180', 'A5164', 'A5179', 'A5705', 'A5165', 'A5164', 'A5180', 'A5184', 'A5180', 'A5186', 'A5185', 'A5186', 'A5188', 'A5190', 'A5191', 'A5190', 'A5192', 'A5193', 'A5194', 'A5195', 'A5198', 'A5199', 'A5200', 'A5199', 'A5201', 'A5202', 'A5201', 'A5503', 'A5203', 'A5204', 'A5205', 'A5204', 'A5208', 'A5207', 'A5206', 'A5503', 'A5196', 'A5195', 'A5194', 'A5193', 'A5199', 'A5198']"
35,A5175,"['A5175', 'A5172', 'A5173', 'A5174', 'A5173', 'A5172', 'A5171', 'A5170', 'A5168', 'A5900', 'A5176', 'A5706', 'A5177', 'A5705', 'A5179', 'A5159', 'A5163', 'A5217', 'A5216', 'A5218', 'A5221', 'A5222', 'A5229', 'A5703', 'A5230', 'A5231', 'A5232', 'A5233', 'A5234', 'A5227', 'A5214', 'A5215', 'A5218', 'A5216', 'A5220', 'A5223', 'A5222', 'A5221', 'A5218', 'A5215', 'A5214', 'A5227', 'A5703', 'A5229', 'A5222', 'A5225', 'A5226', 'A5161', 'A5702', 'A5156', 'N-0498', 'A5156', 'A5159', 'A5179', 'A5164', 'A5165', 'A5182', 'A5181', 'A5180', 'A5164', 'A5179', 'A5705', 'A5165', 'A5164', 'A5180', 'A5184', 'A5180', 'A5186', 'A5185', 'A5186', 'A5188', 'A5190', 'A5191', 'A5190', 'A5192', 'A5193', 'A5194', 'A5195', 'A5198', 'A5199', 'A5200', 'A5199', 'A5201', 'A5202', 'A5201', 'A5503', 'A5203', 'A5204', 'A5205', 'A5204', 'A5208', 'A5207', 'A5206', 'A5503', 'A5196', 'A5195', 'A5194', 'A5193', 'A5199', 'A5198']"
36,A5175,"['A5175', 'A5172', 'A5173', 'A5174', 'A5173', 'A5172', 'A5171', 'A5170', 'A5168', 'A5900', 'A5176', 'A5706', 'A5177', 'A5705', 'A5179', 'A5159', 'A5163', 'A5217', 'A5216', 'A5218', 'A5221', 'A5222', 'A5229', 'A5703', 'A5230', 'A5231', 'A5232', 'A5233', 'A5234', 'A5227', 'A5214', 'A5215', 'A5218', 'A5216', 'A5220', 'A5223', 'A5222', 'A5221', 'A5218', 'A5215', 'A5214', 'A5227', 'A5703', 'A5229', 'A5222', 'A5225', 'A5226', 'A5161', 'A5702', 'A5156', 'N-0498', 'A5156', 'A5159', 'A5179', 'A5164', 'A5165', 'A5182', 'A5181', 'A5180', 'A5164', 'A5179', 'A5705', 'A5165', 'A5164', 'A5180', 'A5184', 'A5180', 'A5186', 'A5185', 'A5186', 'A5188', 'A5190', 'A5191', 'A5190', 'A5192', 'A5193', 'A5194', 'A5195', 'A5198', 'A5199', 'A5200', 'A5199', 'A5201', 'A5202', 'A5201', 'A5503', 'A5203', 'A5204', 'A5205', 'A5204', 'A5208', 'A5207', 'A5206', 'A5503', 'A5196', 'A5195', 'A5194', 'A5193', 'A5199', 'A5198']"
37,A5175,"['A5175', 'A5172', 'A5173', 'A5174', 'A5173', 'A5172', 'A5171', 'A5170', 'A5168', 'A5900', 'A5176', 'A5706', 'A5177', 'A5705', 'A5179', 'A5159', 'A5163', 'A5217', 'A5216', 'A5218', 'A5221', 'A5222', 'A5229', 'A5703', 'A5230', 'A5231', 'A5232', 'A5233', 'A5234', 'A5227', 'A5214', 'A5215', 'A5218', 'A5216', 'A5220', 'A5223', 'A5222', 'A5221', 'A5218', 'A5215', 'A5214', 'A5227', 'A5703', 'A5229', 'A5222', 'A5225', 'A5226', 'A5161', 'A5702', 'A5156', 'N-0498', 'A5156', 'A5159', 'A5179', 'A5164', 'A5165', 'A5182', 'A5181', 'A5180', 'A5164', 'A5179', 'A5705', 'A5165', 'A5164', 'A5180', 'A5184', 'A5180', 'A5186', 'A5185', 'A5186', 'A5188', 'A5190', 'A5191', 'A5190', 'A5192', 'A5193', 'A5194', 'A5195', 'A5198', 'A5199', 'A5200', 'A5199', 'A5201', 'A5202', 'A5201', 'A5503', 'A5203', 'A5204', 'A5205', 'A5204', 'A5208', 'A5207', 'A5206', 'A5503', 'A5196', 'A5195', 'A5194', 'A5193', 'A5199', 'A5198']"
38,A5175,"['A5175', 'A5172', 'A5173', 'A5174', 'A5173', 'A5172', 'A5171', 'A5170', 'A5168', 'A5900', 'A5176', 'A5706', 'A5177', 'A5705', 'A5179', 'A5159', 'A5163', 'A5217', 'A5216', 'A5218', 'A5221', 'A5222', 'A5229', 'A5703', 'A5230', 'A5231', 'A5232', 'A5233', 'A5234', 'A5227', 'A5214', 'A5215', 'A5218', 'A5216', 'A5220', 'A5223', 'A5222', 'A5221', 'A5218', 'A5215', 'A5214', 'A5227', 'A5703', 'A5229', 'A5222', 'A5225', 'A5226', 'A5161', 'A5702', 'A5156', 'N-0498', 'A5156', 'A5159', 'A5179', 'A5164', 'A5165', 'A5182', 'A5181', 'A5180', 'A5164', 'A5179', 'A5705', 'A5165', 'A5164', 'A5180', 'A5184', 'A5180', 'A5186', 'A5185', 'A5186', 'A5188', 'A5190', 'A5191', 'A5190', 'A5192', 'A5193', 'A5194', 'A5195', 'A5198', 'A5199', 'A5200', 'A5199', 'A5201', 'A5202', 'A5201', 'A5503', 'A5203', 'A5204', 'A5205', 'A5204', 'A5208', 'A5207', 'A5206', 'A5503', 'A5196', 'A5195', 'A5194', 'A5193', 'A5199', 'A5198']"
39,A5175,"['A5175', 'A5172', 'A5173', 'A5174', 'A5173', 'A5172', 'A5171', 'A5170', 'A5168', 'A5900', 'A5176', 'A5706', 'A5177', 'A5705', 'A5179', 'A5159', 'A5163', 'A5217', 'A5216', 'A5218', 'A5221', 'A5222', 'A5229', 'A5703', 'A5230', 'A5231', 'A5232', 'A5233', 'A5234', 'A5227', 'A5214', 'A5215', 'A5218', 'A5216', 'A5220', 'A5223', 'A5222', 'A5221', 'A5218', 'A5215', 'A5214', 'A5227', 'A5703', 'A5229', 'A5222', 'A5225', 'A5226', 'A5161', 'A5702', 'A5156', 'N-0498', 'A5156', 'A5159', 'A5179', 'A5164', 'A5165', 'A5182', 'A5181', 'A5180', 'A5164', 'A5179', 'A5705', 'A5165', 'A5164', 'A5180', 'A5184', 'A5180', 'A5186', 'A5185', 'A5186', 'A5188', 'A5190', 'A5191', 'A5190', 'A5192', 'A5193', 'A5194', 'A5195', 'A5198', 'A5199', 'A5200', 'A5199', 'A5201', 'A5202', 'A5201', 'A5503', 'A5203', 'A5204', 'A5205', 'A5204', 'A5208', 'A5207', 'A5206', 'A5503', 'A5196', 'A5195', 'A5194', 'A5193', 'A5199', 'A5198']"
40,A5175,"['A5175', 'A5172', 'A5173', 'A5174', 'A5173', 'A5172', 'A5171', 'A5170', 'A5168', 'A5900', 'A5176', 'A5706', 'A5177', 'A5705', 'A5179', 'A5159', 'A5163', 'A5217', 'A5216', 'A5218', 'A5221', 'A5222', 'A5229', 'A5703', 'A5230', 'A5231', 'A5232', 'A5233', 'A5234', 'A5227', 'A5214', 'A5215', 'A5218', 'A5216', 'A5220', 'A5223', 'A5222', 'A5221', 'A5218', 'A5215', 'A5214', 'A5227', 'A5703', 'A5229', 'A5222', 'A5225', 'A5226', 'A5161', 'A5702', 'A5156', 'N-0498', 'A5156', 'A5159', 'A5179', 'A5164', 'A5165', 'A5182', 'A5181', 'A5180', 'A5164', 'A5179', 'A5705', 'A5165', 'A5164', 'A5180', 'A5184', 'A5180', 'A5186', 'A5185', 'A5186', 'A5188', 'A5190', 'A5191', 'A5190', 'A5192', 'A5193', 'A5194', 'A5195', 'A5198', 'A5199', 'A5200', 'A5199', 'A5201', 'A5202', 'A5201', 'A5503', 'A5203', 'A5204', 'A5205', 'A5204', 'A5208', 'A5207', 'A5206', 'A5503', 'A5196', 'A5195', 'A5194', 'A5193', 'A5199', 'A5198']"
41,A5175,"['A5175', 'A5172', 'A5173', 'A5174', 'A5173', 'A5172', 'A5171', 'A5170', 'A5168', 'A5900', 'A5176', 'A5706', 'A5177', 'A5705', 'A5179', 'A5159', 'A5163', 'A5217', 'A5216', 'A5218', 'A5221', 'A5222', 'A5229', 'A5703', 'A5230', 'A5231', 'A5232', 'A5233', 'A5234', 'A5227', 'A5214', 'A5215', 'A5218', 'A5216', 'A5220', 'A5223', 'A5222', 'A5221', 'A5218', 'A5215', 'A5214', 'A5227', 'A5703', 'A5229', 'A5222', 'A5225', 'A5226', 'A5161', 'A5702', 'A5156', 'N-0498', 'A5156', 'A5159', 'A5179', 'A5164', 'A5165', 'A5182', 'A5181', 'A5180', 'A5164', 'A5179', 'A5705', 'A5165', 'A5164', 'A5180', 'A5184', 'A5180', 'A5186', 'A5185', 'A5186', 'A5188', 'A5190', 'A5191', 'A5190', 'A5192', 'A5193', 'A5194', 'A5195', 'A5198', 'A5199', 'A5200', 'A5199', 'A5201', 'A5202', 'A5201', 'A5503', 'A5203', 'A5204', 'A5205', 'A5204', 'A5208', 'A5207', 'A5206', 'A5503', 'A5196', 'A5195', 'A5194', 'A5193', 'A5199', 'A5198']"
42,A5175,"['A5175', 'A5172', 'A5173', 'A5174', 'A5173', 'A5172', 'A5171', 'A5170', 'A5168', 'A5900', 'A5176', 'A5706', 'A5177', 'A5705', 'A5179', 'A5159', 'A5163', 'A5217', 'A5216', 'A5218', 'A5221', 'A5222', 'A5229', 'A5703', 'A5230', 'A5231', 'A5232', 'A5233', 'A5234', 'A5227', 'A5214', 'A5215', 'A5218', 'A5216', 'A5220', 'A5223', 'A5222', 'A5221', 'A5218', 'A5215', 'A5214', 'A5227', 'A5703', 'A5229', 'A5222', 'A5225', 'A5226', 'A5161', 'A5702', 'A5156', 'N-0498', 'A5156', 'A5159', 'A5179', 'A5164', 'A5165', 'A5182', 'A5181', 'A5180', 'A5164', 'A5179', 'A5705', 'A5165', 'A5164', 'A5180', 'A5184', 'A5180', 'A5186', 'A5185', 'A5186', 'A5188', 'A5190', 'A5191', 'A5190', 'A5192', 'A5193', 'A5194', 'A5195', 'A5198', 'A5199', 'A5200', 'A5199', 'A5201', 'A5202', 'A5201', 'A5503', 'A5203', 'A5204', 'A5205', 'A5204', 'A5208', 'A5207', 'A5206', 'A5503', 'A5196', 'A5195', 'A5194', 'A5193', 'A5199', 'A5198']"
43,A5175,"['A5175', 'A5172', 'A5173', 'A5174', 'A5173', 'A5172', 'A5171', 'A5170', 'A5168', 'A5900', 'A5176', 'A5706', 'A5177', 'A5705', 'A5179', 'A5159', 'A5163', 'A5217', 'A5216', 'A5218', 'A5221', 'A5222', 'A5229', 'A5703', 'A5230', 'A5231', 'A5232', 'A5233', 'A5234', 'A5227', 'A5214', 'A5215', 'A5218', 'A5216', 'A5220', 'A5223', 'A5222', 'A5221', 'A5218', 'A5215', 'A5214', 'A5227', 'A5703', 'A5229', 'A5222', 'A5225', 'A5226', 'A5161', 'A5702', 'A5156', 'N-0498', 'A5156', 'A5159', 'A5179', 'A5164', 'A5165', 'A5182', 'A5181', 'A5180', 'A5164', 'A5179', 'A5705', 'A5165', 'A5164', 'A5180', 'A5184', 'A5180', 'A5186', 'A5185', 'A5186', 'A5188', 'A5190', 'A5191', 'A5190', 'A5192', 'A5193', 'A5194', 'A5195', 'A5198', 'A5199', 'A5200', 'A5199', 'A5201', 'A5202', 'A5201', 'A5503', 'A5203', 'A5204', 'A5205', 'A5204', 'A5208', 'A5207', 'A5206', 'A5503', 'A5196', 'A5195', 'A5194', 'A5193', 'A5199', 'A5198']"
44,A5175,"['A5175', 'A5172', 'A5173', 'A5174', 'A5173', 'A5172', 'A5171', 'A5170', 'A5168', 'A5900', 'A5176', 'A5706', 'A5177', 'A5705', 'A5179', 'A5159', 'A5163', 'A5217', 'A5216', 'A5218', 'A5221', 'A5222', 'A5229', 'A5703', 'A5230', 'A5231', 'A5232', 'A5233', 'A5234', 'A5227', 'A5214', 'A5215', 'A5218', 'A5216', 'A5220', 'A5223', 'A5222', 'A5221', 'A5218', 'A5215', 'A5214', 'A5227', 'A5703', 'A5229', 'A5222', 'A5225', 'A5226', 'A5161', 'A5702', 'A5156', 'N-0498', 'A5156', 'A5159', 'A5179', 'A5164', 'A5165', 'A5182', 'A5181', 'A5180', 'A5164', 'A5179', 'A5705', 'A5165', 'A5164', 'A5180', 'A5184', 'A5180', 'A5186', 'A5185', 'A5186', 'A5188', 'A5190', 'A5191', 'A5190', 'A5192', 'A5193', 'A5194', 'A5195', 'A5198', 'A5199', 'A5200', 'A5199', 'A5201', 'A5202', 'A5201', 'A5503', 'A5203', 'A5204', 'A5205', 'A5204', 'A5208', 'A5207', 'A5206', 'A5503', 'A5196', 'A5195', 'A5194', 'A5193', 'A5199', 'A5198']"
45,A5175,"['A5175', 'A5172', 'A5173', 'A5174', 'A5173', 'A5172', 'A5171', 'A5170', 'A5168', 'A5900', 'A5176', 'A5706', 'A5177', 'A5705', 'A5179', 'A5159', 'A5163', 'A5217', 'A5216', 'A5218', 'A5221', 'A5222', 'A5229', 'A5703', 'A5230', 'A5231', 'A5232', 'A5233', 'A5234', 'A5227', 'A5214', 'A5215', 'A5218', 'A5216', 'A5220', 'A5223', 'A5222', 'A5221', 'A5218', 'A5215', 'A5214', 'A5227', 'A5703', 'A5229', 'A5222', 'A5225', 'A5226', 'A5161', 'A5702', 'A5156', 'N-0498', 'A5156', 'A5159', 'A5179', 'A5164', 'A5165', 'A5182', 'A5181', 'A5180', 'A5164', 'A5179', 'A5705', 'A5165', 'A5164', 'A5180', 'A5184', 'A5180', 'A5186', 'A5185', 'A5186', 'A5188', 'A5190', 'A5191', 'A5190', 'A5192', 'A5193', 'A5194', 'A5195', 'A5198', 'A5199', 'A5200', 'A5199', 'A5201', 'A5202', 'A5201', 'A5503', 'A5203', 'A5204', 'A5205', 'A5204', 'A5208', 'A5207', 'A5206', 'A5503', 'A5196', 'A5195', 'A5194', 'A5193', 'A5199', 'A5198']"
46,A5175,"['A5175', 'A5172', 'A5173', 'A5174', 'A5173', 'A5172', 'A5171', 'A5170', 'A5168', 'A5900', 'A5176', 'A5706', 'A5177', 'A5705', 'A5179', 'A5159', 'A5163', 'A5217', 'A5216', 'A5218', 'A5221', 'A5222', 'A5229', 'A5703', 'A5230', 'A5231', 'A5232', 'A5233', 'A5234', 'A5227', 'A5214', 'A5215', 'A5218', 'A5216', 'A5220', 'A5223', 'A5222', 'A5221', 'A5218', 'A5215', 'A5214', 'A5227', 'A5703', 'A5229', 'A5222', 'A5225', 'A5226', 'A5161', 'A5702', 'A5156', 'N-0498', 'A5156', 'A5159', 'A5179', 'A5164', 'A5165', 'A5182', 'A5181', 'A5180', 'A5164', 'A5179', 'A5705', 'A5165', 'A5164', 'A5180', 'A5184', 'A5180', 'A5186', 'A5185', 'A5186', 'A5188', 'A5190', 'A5191', 'A5190', 'A5192', 'A5193', 'A5194', 'A5195', 'A5198', 'A5199', 'A5200', 'A5199', 'A5201', 'A5202', 'A5201', 'A5503', 'A5203', 'A5204', 'A5205', 'A5204', 'A5208', 'A5207', 'A5206', 'A5503', 'A5196', 'A5195', 'A5194', 'A5193', 'A5199', 'A5198']"
47,A5175,"['A5175', 'A5172', 'A5173', 'A5174', 'A5173', 'A5172', 'A5171', 'A5170', 'A5168', 'A5900', 'A5176', 'A5706', 'A5177', 'A5705', 'A5179', 'A5159', 'A5163', 'A5217', 'A5216', 'A5218', 'A5221', 'A5222', 'A5229', 'A5703', 'A5230', 'A5231', 'A5232', 'A5233', 'A5234', 'A5227', 'A5214', 'A5215', 'A5218', 'A5216', 'A5220', 'A5223', 'A5222', 'A5221', 'A5218', 'A5215', 'A5214', 'A5227', 'A5703', 'A5229', 'A5222', 'A5225', 'A5226', 'A5161', 'A5702', 'A5156', 'N-0498', 'A5156', 'A5159', 'A5179', 'A5164', 'A5165', 'A5182', 'A5181', 'A5180', 'A5164', 'A5179', 'A5705', 'A5165', 'A5164', 'A5180', 'A5184', 'A5180', 'A5186', 'A5185', 'A5186', 'A5188', 'A5190', 'A5191', 'A5190', 'A5192', 'A5193', 'A5194', 'A5195', 'A5198', 'A5199', 'A5200', 'A5199', 'A5201', 'A5202', 'A5201', 'A5503', 'A5203', 'A5204', 'A5205', 'A5204', 'A5208', 'A5207', 'A5206', 'A5503', 'A5196', 'A5195', 'A5194', 'A5193', 'A5199', 'A5198']"
48,A5175,"['A5175', 'A5172', 'A5173', 'A5174', 'A5173', 'A5172', 'A5171', 'A5170', 'A5168', 'A5900', 'A5176', 'A5706', 'A5177', 'A5705', 'A5179', 'A5159', 'A5163', 'A5217', 'A5216', 'A5218', 'A5221', 'A5222', 'A5229', 'A5703', 'A5230', 'A5231', 'A5232', 'A5233', 'A5234', 'A5227', 'A5214', 'A5215', 'A5218', 'A5216', 'A5220', 'A5223', 'A5222', 'A5221', 'A5218', 'A5215', 'A5214', 'A5227', 'A5703', 'A5229', 'A5222', 'A5225', 'A5226', 'A5161', 'A5702', 'A5156', 'N-0498', 'A5156', 'A5159', 'A5179', 'A5164', 'A5165', 'A5182', 'A5181', 'A5180', 'A5164', 'A5179', 'A5705', 'A5165', 'A5164', 'A5180', 'A5184', 'A5180', 'A5186', 'A5185', 'A5186', 'A5188', 'A5190', 'A5191', 'A5190', 'A5192', 'A5193', 'A5194', 'A5195', 'A5198', 'A5199', 'A5200', 'A5199', 'A5201', 'A5202', 'A5201', 'A5503', 'A5203', 'A5204', 'A5205', 'A5204', 'A5208', 'A5207', 'A5206', 'A5503', 'A5196', 'A5195', 'A5194', 'A5193', 'A5199', 'A5198']"
49,A5175,"['A5175', 'A5172', 'A5173', 'A5174', 'A5173', 'A5172', 'A5171', 'A5170', 'A5168', 'A5900', 'A5176', 'A5706', 'A5177', 'A5705', 'A5179', 'A5159', 'A5163', 'A5217', 'A5216', 'A5218', 'A5221', 'A5222', 'A5229', 'A5703', 'A5230', 'A5231', 'A5232', 'A5233', 'A5234', 'A5227', 'A5214', 'A5215', 'A5218', 'A5216', 'A5220', 'A5223', 'A5222', 'A5221', 'A5218', 'A5215', 'A5214', 'A5227', 'A5703', 'A5229', 'A5222', 'A5225', 'A5226', 'A5161', 'A5702', 'A5156', 'N-0498', 'A5156', 'A5159', 'A5179', 'A5164', 'A5165', 'A5182', 'A5181', 'A5180', 'A5164', 'A5179', 'A5705', 'A5165', 'A5164', 'A5180', 'A5184', 'A5180', 'A5186', 'A5185', 'A5186', 'A5188', 'A5190', 'A5191', 'A5190', 'A5192', 'A5193', 'A5194', 'A5195', 'A5198', 'A5199', 'A5200', 'A5199', 'A5201', 'A5202', 'A5201', 'A5503', 'A5203', 'A5204', 'A5205', 'A5204', 'A5208', 'A5207', 'A5206', 'A5503', 'A5196', 'A5195', 'A5194', 'A5193', 'A5199', 'A5198']"
50,A5175,"['A5175', 'A5172', 'A5173', 'A5174', 'A5173', 'A5172', 'A5171', 'A5170', 'A5168', 'A5900', 'A5176', 'A5706', 'A5177', 'A5705', 'A5179', 'A5159', 'A5163', 'A5217', 'A5216', 'A5218', 'A5221', 'A5222', 'A5229', 'A5703', 'A5230', 'A5231', 'A5232', 'A5233', 'A5234', 'A5227', 'A5214', 'A5215', 'A5218', 'A5216', 'A5220', 'A5223', 'A5222', 'A5221', 'A5218', 'A5215', 'A5214', 'A5227', 'A5703', 'A5229', 'A5222', 'A5225', 'A5226', 'A5161', 'A5702', 'A5156', 'N-0498', 'A5156', 'A5159', 'A5179', 'A5164', 'A5165', 'A5182', 'A5181', 'A5180', 'A5164', 'A5179', 'A5705', 'A5165', 'A5164', 'A5180', 'A5184', 'A5180', 'A5186', 'A5185', 'A5186', 'A5188', 'A5190', 'A5191', 'A5190', 'A5192', 'A5193', 'A5194', 'A5195', 'A5198', 'A5199', 'A5200', 'A5199', 'A5201', 'A5202', 'A5201', 'A5503', 'A5203', 'A5204', 'A5205', 'A5204', 'A5208', 'A5207', 'A5206', 'A5503', 'A5196', 'A5195', 'A5194', 'A5193', 'A5199', 'A5198']"
51,A5175,"['A5175', 'A5172', 'A5173', 'A5174', 'A5173', 'A5172', 'A5171', 'A5170', 'A5168', 'A5900', 'A5176', 'A5706', 'A5177', 'A5705', 'A5179', 'A5159', 'A5163', 'A5217', 'A5216', 'A5218', 'A5221', 'A5222', 'A5229', 'A5703', 'A5230', 'A5231', 'A5232', 'A5233', 'A5234', 'A5227', 'A5214', 'A5215', 'A5218', 'A5216', 'A5220', 'A5223', 'A5222', 'A5221', 'A5218', 'A5215', 'A5214', 'A5227', 'A5703', 'A5229', 'A5222', 'A5225', 'A5226', 'A5161', 'A5702', 'A5156', 'N-0498', 'A5156', 'A5159', 'A5179', 'A5164', 'A5165', 'A5182', 'A5181', 'A5180', 'A5164', 'A5179', 'A5705', 'A5165', 'A5164', 'A5180', 'A5184', 'A5180', 'A5186', 'A5185', 'A5186', 'A5188', 'A5190', 'A5191', 'A5190', 'A5192', 'A5193', 'A5194', 'A5195', 'A5198', 'A5199', 'A5200', 'A5199', 'A5201', 'A5202', 'A5201', 'A5503', 'A5203', 'A5204', 'A5205', 'A5204', 'A5208', 'A5207', 'A5206', 'A5503', 'A5196', 'A5195', 'A5194', 'A5193', 'A5199', 'A5198']"
52,A5175,"['A5175', 'A5172', 'A5173', 'A5174', 'A5173', 'A5172', 'A5171', 'A5170', 'A5168', 'A5900', 'A5176', 'A5706', 'A5177', 'A5705', 'A5179', 'A5159', 'A5163', 'A5217', 'A5216', 'A5218', 'A5221', 'A5222', 'A5229', 'A5703', 'A5230', 'A5231', 'A5232', 'A5233', 'A5234', 'A5227', 'A5214', 'A5215', 'A5218', 'A5216', 'A5220', 'A5223', 'A5222', 'A5221', 'A5218', 'A5215', 'A5214', 'A5227', 'A5703', 'A5229', 'A5222', 'A5225', 'A5226', 'A5161', 'A5702', 'A5156', 'N-0498', 'A5156', 'A5159', 'A5179', 'A5164', 'A5165', 'A5182', 'A5181', 'A5180', 'A5164', 'A5179', 'A5705', 'A5165', 'A5164', 'A5180', 'A5184', 'A5180', 'A5186', 'A5185', 'A5186', 'A5188', 'A5190', 'A5191', 'A5190', 'A5192', 'A5193', 'A5194', 'A5195', 'A5198', 'A5199', 'A5200', 'A5199', 'A5201', 'A5202', 'A5201', 'A5503', 'A5203', 'A5204', 'A5205', 'A5204', 'A5208', 'A5207', 'A5206', 'A5503', 'A5196', 'A5195', 'A5194', 'A5193', 'A5199', 'A5198']"
53,A5175,"['A5175', 'A5172', 'A5173', 'A5174', 'A5173', 'A5172', 'A5171', 'A5170', 'A5168', 'A5900', 'A5176', 'A5706', 'A5177', 'A5705', 'A5179', 'A5159', 'A5163', 'A5217', 'A5216', 'A5218', 'A5221', 'A5222', 'A5229', 'A5703', 'A5230', 'A5231', 'A5232', 'A5233', 'A5234', 'A5227', 'A5214', 'A5215', 'A5218', 'A5216', 'A5220', 'A5223', 'A5222', 'A5221', 'A5218', 'A5215', 'A5214', 'A5227', 'A5703', 'A5229', 'A5222', 'A5225', 'A5226', 'A5161', 'A5702', 'A5156', 'N-0498', 'A5156', 'A5159', 'A5179', 'A5164', 'A5165', 'A5182', 'A5181', 'A5180', 'A5164', 'A5179', 'A5705', 'A5165', 'A5164', 'A5180', 'A5184', 'A5180', 'A5186', 'A5185', 'A5186', 'A5188', 'A5190', 'A5191', 'A5190', 'A5192', 'A5193', 'A5194', 'A5195', 'A5198', 'A5199', 'A5200', 'A5199', 'A5201', 'A5202', 'A5201', 'A5503', 'A5203', 'A5204', 'A5205', 'A5204', 'A5208', 'A5207', 'A5206', 'A5503', 'A5196', 'A5195', 'A5194', 'A5193', 'A5199', 'A5198']"
54,A5175,"['A5175', 'A5172', 'A5173', 'A5174', 'A5173', 'A5172', 'A5171', 'A5170', 'A5168', 'A5900', 'A5176', 'A5706', 'A5177', 'A5705', 'A5179', 'A5159', 'A5163', 'A5217', 'A5216', 'A5218', 'A5221', 'A5222', 'A5229', 'A5703', 'A5230', 'A5231', 'A5232', 'A5233', 'A5234', 'A5227', 'A5214', 'A5215', 'A5218', 'A5216', 'A5220', 'A5223', 'A5222', 'A5221', 'A5218', 'A5215', 'A5214', 'A5227', 'A5703', 'A5229', 'A5222', 'A5225', 'A5226', 'A5161', 'A5702', 'A5156', 'N-0498', 'A5156', 'A5159', 'A5179', 'A5164', 'A5165', 'A5182', 'A5181', 'A5180', 'A5164', 'A5179', 'A5705', 'A5165', 'A5164', 'A5180', 'A5184', 'A5180', 'A5186', 'A5185', 'A5186', 'A5188', 'A5190', 'A5191', 'A5190', 'A5192', 'A5193', 'A5194', 'A5195', 'A5198', 'A5199', 'A5200', 'A5199', 'A5201', 'A5202', 'A5201', 'A5503', 'A5203', 'A5204', 'A5205', 'A5204', 'A5208', 'A5207', 'A5206', 'A5503', 'A5196', 'A5195', 'A5194', 'A5193', 'A5199', 'A5198']"
55,A5175,"['A5175', 'A5172', 'A5173', 'A5174', 'A5173', 'A5172', 'A5171', 'A5170', 'A5168', 'A5900', 'A5176', 'A5706', 'A5177', 'A5705', 'A5179', 'A5159', 'A5163', 'A5217', 'A5216', 'A5218', 'A5221', 'A5222', 'A5229', 'A5703', 'A5230', 'A5231', 'A5232', 'A5233', 'A5234', 'A5227', 'A5214', 'A5215', 'A5218', 'A5216', 'A5220', 'A5223', 'A5222', 'A5221', 'A5218', 'A5215', 'A5214', 'A5227', 'A5703', 'A5229', 'A5222', 'A5225', 'A5226', 'A5161', 'A5702', 'A5156', 'N-0498', 'A5156', 'A5159', 'A5179', 'A5164', 'A5165', 'A5182', 'A5181', 'A5180', 'A5164', 'A5179', 'A5705', 'A5165', 'A5164', 'A5180', 'A5184', 'A5180', 'A5186', 'A5185', 'A5186', 'A5188', 'A5190', 'A5191', 'A5190', 'A5192', 'A5193', 'A5194', 'A5195', 'A5198', 'A5199', 'A5200', 'A5199', 'A5201', 'A5202', 'A5201', 'A5503', 'A5203', 'A5204', 'A5205', 'A5204', 'A5208', 'A5207', 'A5206', 'A5503', 'A5196', 'A5195', 'A5194', 'A5193', 'A5199', 'A5198']"
56,A5175,"['A5175', 'A5172', 'A5173', 'A5174', 'A5173', 'A5172', 'A5171', 'A5170', 'A5168', 'A5900', 'A5176', 'A5706', 'A5177', 'A5705', 'A5179', 'A5159', 'A5163', 'A5217', 'A5216', 'A5218', 'A5221', 'A5222', 'A5229', 'A5703', 'A5230', 'A5231', 'A5232', 'A5233', 'A5234', 'A5227', 'A5214', 'A5215', 'A5218', 'A5216', 'A5220', 'A5223', 'A5222', 'A5221', 'A5218', 'A5215', 'A5214', 'A5227', 'A5703', 'A5229', 'A5222', 'A5225', 'A5226', 'A5161', 'A5702', 'A5156', 'N-0498', 'A5156', 'A5159', 'A5179', 'A5164', 'A5165', 'A5182', 'A5181', 'A5180', 'A5164', 'A5179', 'A5705', 'A5165', 'A5164', 'A5180', 'A5184', 'A5180', 'A5186', 'A5185', 'A5186', 'A5188', 'A5190', 'A5191', 'A5190', 'A5192', 'A5193', 'A5194', 'A5195', 'A5198', 'A5199', 'A5200', 'A5199', 'A5201', 'A5202', 'A5201', 'A5503', 'A5203', 'A5204', 'A5205', 'A5204', 'A5208', 'A5207', 'A5206', 'A5503', 'A5196', 'A5195', 'A5194', 'A5193', 'A5199', 'A5198']"
57,A5175,"['A5175', 'A5172', 'A5173', 'A5174', 'A5173', 'A5172', 'A5171', 'A5170', 'A5168', 'A5900', 'A5176', 'A5706', 'A5177', 'A5705', 'A5179', 'A5159', 'A5163', 'A5217', 'A5216', 'A5218', 'A5221', 'A5222', 'A5229', 'A5703', 'A5230', 'A5231', 'A5232', 'A5233', 'A5234', 'A5227', 'A5214', 'A5215', 'A5218', 'A5216', 'A5220', 'A5223', 'A5222', 'A5221', 'A5218', 'A5215', 'A5214', 'A5227', 'A5703', 'A5229', 'A5222', 'A5225', 'A5226', 'A5161', 'A5702', 'A5156', 'N-0498', 'A5156', 'A5159', 'A5179', 'A5164', 'A5165', 'A5182', 'A5181', 'A5180', 'A5164', 'A5179', 'A5705', 'A5165', 'A5164', 'A5180', 'A5184', 'A5180', 'A5186', 'A5185', 'A5186', 'A5188', 'A5190', 'A5191', 'A5190', 'A5192', 'A5193', 'A5194', 'A5195', 'A5198', 'A5199', 'A5200', 'A5199', 'A5201', 'A5202', 'A5201', 'A5503', 'A5203', 'A5204', 'A5205', 'A5204', 'A5208', 'A5207', 'A5206', 'A5503', 'A5196', 'A5195', 'A5194', 'A5193', 'A5199', 'A5198']"
58,A5175,"['A5175', 'A5172', 'A5173', 'A5174', 'A5173', 'A5172', 'A5171', 'A5170', 'A5168', 'A5900', 'A5176', 'A5706', 'A5177', 'A5705', 'A5179', 'A5159', 'A5163', 'A5217', 'A5216', 'A5218', 'A5221', 'A5222', 'A5229', 'A5703', 'A5230', 'A5231', 'A5232', 'A5233', 'A5234', 'A5227', 'A5214', 'A5215', 'A5218', 'A5216', 'A5220', 'A5223', 'A5222', 'A5221', 'A5218', 'A5215', 'A5214', 'A5227', 'A5703', 'A5229', 'A5222', 'A5225', 'A5226', 'A5161', 'A5702', 'A5156', 'N-0498', 'A5156', 'A5159', 'A5179', 'A5164', 'A5165', 'A5182', 'A5181', 'A5180', 'A5164', 'A5179', 'A5705', 'A5165', 'A5164', 'A5180', 'A5184', 'A5180', 'A5186', 'A5185', 'A5186', 'A5188', 'A5190', 'A5191', 'A5190', 'A5192', 'A5193', 'A5194', 'A5195', 'A5198', 'A5199', 'A5200', 'A5199', 'A5201', 'A5202', 'A5201', 'A5503', 'A5203', 'A5204', 'A5205', 'A5204', 'A5208', 'A5207', 'A5206', 'A5503', 'A5196', 'A5195', 'A5194', 'A5193', 'A5199', 'A5198']"
59,A5175,"['A5175', 'A5172', 'A5173', 'A5174', 'A5173', 'A5172', 'A5171', 'A5170', 'A5168', 'A5900', 'A5176', 'A5706', 'A5177', 'A5705', 'A5179', 'A5159', 'A5163', 'A5217', 'A5216', 'A5218', 'A5221', 'A5222', 'A5229', 'A5703', 'A5230', 'A5231', 'A5232', 'A5233', 'A5234', 'A5227', 'A5214', 'A5215', 'A5218', 'A5216', 'A5220', 'A5223', 'A5222', 'A5221', 'A5218', 'A5215', 'A5214', 'A5227', 'A5703', 'A5229', 'A5222', 'A5225', 'A5226', 'A5161', 'A5702', 'A5156', 'N-0498', 'A5156', 'A5159', 'A5179', 'A5164', 'A5165', 'A5182', 'A5181', 'A5180', 'A5164', 'A5179', 'A5705', 'A5165', 'A5164', 'A5180', 'A5184', 'A5180', 'A5186', 'A5185', 'A5186', 'A5188', 'A5190', 'A5191', 'A5190', 'A5192', 'A5193', 'A5194', 'A5195', 'A5198', 'A5199', 'A5200', 'A5199', 'A5201', 'A5202', 'A5201', 'A5503', 'A5203', 'A5204', 'A5205', 'A5204', 'A5208', 'A5207', 'A5206', 'A5503', 'A5196', 'A5195', 'A5194', 'A5193', 'A5199', 'A5198']"
60,A5175,"['A5175', 'A5172', 'A5173', 'A5174', 'A5173', 'A5172', 'A5171', 'A5170', 'A5168', 'A5900', 'A5176', 'A5706', 'A5177', 'A5705', 'A5179', 'A5159', 'A5163', 'A5217', 'A5216', 'A5218', 'A5221', 'A5222', 'A5229', 'A5703', 'A5230', 'A5231', 'A5232', 'A5233', 'A5234', 'A5227', 'A5214', 'A5215', 'A5218', 'A5216', 'A5220', 'A5223', 'A5222', 'A5221', 'A5218', 'A5215', 'A5214', 'A5227', 'A5703', 'A5229', 'A5222', 'A5225', 'A5226', 'A5161', 'A5702', 'A5156', 'N-0498', 'A5156', 'A5159', 'A5179', 'A5164', 'A5165', 'A5182', 'A5181', 'A5180', 'A5164', 'A5179', 'A5705', 'A5165', 'A5164', 'A5180', 'A5184', 'A5180', 'A5186', 'A5185', 'A5186', 'A5188', 'A5190', 'A5191', 'A5190', 'A5192', 'A5193', 'A5194', 'A5195', 'A5198', 'A5199', 'A5200', 'A5199', 'A5201', 'A5202', 'A5201', 'A5503', 'A5203', 'A5204', 'A5205', 'A5204', 'A5208', 'A5207', 'A5206', 'A5503', 'A5196', 'A5195', 'A5194', 'A5193', 'A5199', 'A5198']"
61,A5175,"['A5175', 'A5172', 'A5173', 'A5174', 'A5173', 'A5172', 'A5171', 'A5170', 'A5168', 'A5900', 'A5176', 'A5706', 'A5177', 'A5705', 'A5179', 'A5159', 'A5163', 'A5217', 'A5216', 'A5218', 'A5221', 'A5222', 'A5229', 'A5703', 'A5230', 'A5231', 'A5232', 'A5233', 'A5234', 'A5227', 'A5214', 'A5215', 'A5218', 'A5216', 'A5220', 'A5223', 'A5222', 'A5221', 'A5218', 'A5215', 'A5214', 'A5227', 'A5703', 'A5229', 'A5222', 'A5225', 'A5226', 'A5161', 'A5702', 'A5156', 'N-0498', 'A5156', 'A5159', 'A5179', 'A5164', 'A5165', 'A5182', 'A5181', 'A5180', 'A5164', 'A5179', 'A5705', 'A5165', 'A5164', 'A5180', 'A5184', 'A5180', 'A5186', 'A5185', 'A5186', 'A5188', 'A5190', 'A5191', 'A5190', 'A5192', 'A5193', 'A5194', 'A5195', 'A5198', 'A5199', 'A5200', 'A5199', 'A5201', 'A5202', 'A5201', 'A5503', 'A5203', 'A5204', 'A5205', 'A5204', 'A5208', 'A5207', 'A5206', 'A5503', 'A5196', 'A5195', 'A5194', 'A5193', 'A5199', 'A5198']"
62,A5175,"['A5175', 'A5172', 'A5173', 'A5174', 'A5173', 'A5172', 'A5171', 'A5170', 'A5168', 'A5900', 'A5176', 'A5706', 'A5177', 'A5705', 'A5179', 'A5159', 'A5163', 'A5217', 'A5216', 'A5218', 'A5221', 'A5222', 'A5229', 'A5703', 'A5230', 'A5231', 'A5232', 'A5233', 'A5234', 'A5227', 'A5214', 'A5215', 'A5218', 'A5216', 'A5220', 'A5223', 'A5222', 'A5221', 'A5218', 'A5215', 'A5214', 'A5227', 'A5703', 'A5229', 'A5222', 'A5225', 'A5226', 'A5161', 'A5702', 'A5156', 'N-0498', 'A5156', 'A5159', 'A5179', 'A5164', 'A5165', 'A5182', 'A5181', 'A5180', 'A5164', 'A5179', 'A5705', 'A5165', 'A5164', 'A5180', 'A5184', 'A5180', 'A5186', 'A5185', 'A5186', 'A5188', 'A5190', 'A5191', 'A5190', 'A5192', 'A5193', 'A5194', 'A5195', 'A5198', 'A5199', 'A5200', 'A5199', 'A5201', 'A5202', 'A5201', 'A5503', 'A5203', 'A5204', 'A5205', 'A5204', 'A5208', 'A5207', 'A5206', 'A5503', 'A5196', 'A5195', 'A5194', 'A5193', 'A5199', 'A5198']"
63,A5175,"['A5175', 'A5172', 'A5173', 'A5174', 'A5173', 'A5172', 'A5171', 'A5170', 'A5168', 'A5900', 'A5176', 'A5706', 'A5177', 'A5705', 'A5179', 'A5159', 'A5163', 'A5217', 'A5216', 'A5218', 'A5221', 'A5222', 'A5229', 'A5703', 'A5230', 'A5231', 'A5232', 'A5233', 'A5234', 'A5227', 'A5214', 'A5215', 'A5218', 'A5216', 'A5220', 'A5223', 'A5222', 'A5221', 'A5218', 'A5215', 'A5214', 'A5227', 'A5703', 'A5229', 'A5222', 'A5225', 'A5226', 'A5161', 'A5702', 'A5156', 'N-0498', 'A5156', 'A5159', 'A5179', 'A5164', 'A5165', 'A5182', 'A5181', 'A5180', 'A5164', 'A5179', 'A5705', 'A5165', 'A5164', 'A5180', 'A5184', 'A5180', 'A5186', 'A5185', 'A5186', 'A5188', 'A5190', 'A5191', 'A5190', 'A5192', 'A5193', 'A5194', 'A5195', 'A5198', 'A5199', 'A5200', 'A5199', 'A5201', 'A5202', 'A5201', 'A5503', 'A5203', 'A5204', 'A5205', 'A5204', 'A5208', 'A5207', 'A5206', 'A5503', 'A5196', 'A5195', 'A5194', 'A5193', 'A5199', 'A5198']"
64,A5175,"['A5175', 'A5172', 'A5173', 'A5174', 'A5173', 'A5172', 'A5171', 'A5170', 'A5168', 'A5900', 'A5176', 'A5706', 'A5177', 'A5705', 'A5179', 'A5159', 'A5163', 'A5217', 'A5216', 'A5218', 'A5221', 'A5222', 'A5229', 'A5703', 'A5230', 'A5231', 'A5232', 'A5233', 'A5234', 'A5227', 'A5214', 'A5215', 'A5218', 'A5216', 'A5220', 'A5223', 'A5222', 'A5221', 'A5218', 'A5215', 'A5214', 'A5227', 'A5703', 'A5229', 'A5222', 'A5225', 'A5226', 'A5161', 'A5702', 'A5156', 'N-0498', 'A5156', 'A5159', 'A5179', 'A5164', 'A5165', 'A5182', 'A5181', 'A5180', 'A5164', 'A5179', 'A5705', 'A5165', 'A5164', 'A5180', 'A5184', 'A5180', 'A5186', 'A5185', 'A5186', 'A5188', 'A5190', 'A5191', 'A5190', 'A5192', 'A5193', 'A5194', 'A5195', 'A5198', 'A5199', 'A5200', 'A5199', 'A5201', 'A5202', 'A5201', 'A5503', 'A5203', 'A5204', 'A5205', 'A5204', 'A5208', 'A5207', 'A5206', 'A5503', 'A5196', 'A5195', 'A5194', 'A5193', 'A5199', 'A5198']"
65,A5175,"['A5175', 'A5172', 'A5173', 'A5174', 'A5173', 'A5172', 'A5171', 'A5170', 'A5168', 'A5900', 'A5176', 'A5706', 'A5177', 'A5705', 'A5179', 'A5159', 'A5163', 'A5217', 'A5216', 'A5218', 'A5221', 'A5222', 'A5229', 'A5703', 'A5230', 'A5231', 'A5232', 'A5233', 'A5234', 'A5227', 'A5214', 'A5215', 'A5218', 'A5216', 'A5220', 'A5223', 'A5222', 'A5221', 'A5218', 'A5215', 'A5214', 'A5227', 'A5703', 'A5229', 'A5222', 'A5225', 'A5226', 'A5161', 'A5702', 'A5156', 'N-0498', 'A5156', 'A5159', 'A5179', 'A5164', 'A5165', 'A5182', 'A5181', 'A5180', 'A5164', 'A5179', 'A5705', 'A5165', 'A5164', 'A5180', 'A5184', 'A5180', 'A5186', 'A5185', 'A5186', 'A5188', 'A5190', 'A5191', 'A5190', 'A5192', 'A5193', 'A5194', 'A5195', 'A5198', 'A5199', 'A5200', 'A5199', 'A5201', 'A5202', 'A5201', 'A5503', 'A5203', 'A5204', 'A5205', 'A5204', 'A5208', 'A5207', 'A5206', 'A5503', 'A5196', 'A5195', 'A5194', 'A5193', 'A5199', 'A5198']"
66,A5175,"['A5175', 'A5172', 'A5173', 'A5174', 'A5173', 'A5172', 'A5171', 'A5170', 'A5168', 'A5900', 'A5176', 'A5706', 'A5177', 'A5705', 'A5179', 'A5159', 'A5163', 'A5217', 'A5216', 'A5218', 'A5221', 'A5222', 'A5229', 'A5703', 'A5230', 'A5231', 'A5232', 'A5233', 'A5234', 'A5227', 'A5214', 'A5215', 'A5218', 'A5216', 'A5220', 'A5223', 'A5222', 'A5221', 'A5218', 'A5215', 'A5214', 'A5227', 'A5703', 'A5229', 'A5222', 'A5225', 'A5226', 'A5161', 'A5702', 'A5156', 'N-0498', 'A5156', 'A5159', 'A5179', 'A5164', 'A5165', 'A5182', 'A5181', 'A5180', 'A5164', 'A5179', 'A5705', 'A5165', 'A5164', 'A5180', 'A5184', 'A5180', 'A5186', 'A5185', 'A5186', 'A5188', 'A5190', 'A5191', 'A5190', 'A5192', 'A5193', 'A5194', 'A5195', 'A5198', 'A5199', 'A5200', 'A5199', 'A5201', 'A5202', 'A5201', 'A5503', 'A5203', 'A5204', 'A5205', 'A5204', 'A5208', 'A5207', 'A5206', 'A5503', 'A5196', 'A5195', 'A5194', 'A5193', 'A5199', 'A5198']"
67,A5175,"['A5175', 'A5172', 'A5173', 'A5174', 'A5173', 'A5172', 'A5171', 'A5170', 'A5168', 'A5900', 'A5176', 'A5706', 'A5177', 'A5705', 'A5179', 'A5159', 'A5163', 'A5217', 'A5216', 'A5218', 'A5221', 'A5222', 'A5229', 'A5703', 'A5230', 'A5231', 'A5232', 'A5233', 'A5234', 'A5227', 'A5214', 'A5215', 'A5218', 'A5216', 'A5220', 'A5223', 'A5222', 'A5221', 'A5218', 'A5215', 'A5214', 'A5227', 'A5703', 'A5229', 'A5222', 'A5225', 'A5226', 'A5161', 'A5702', 'A5156', 'N-0498', 'A5156', 'A5159', 'A5179', 'A5164', 'A5165', 'A5182', 'A5181', 'A5180', 'A5164', 'A5179', 'A5705', 'A5165', 'A5164', 'A5180', 'A5184', 'A5180', 'A5186', 'A5185', 'A5186', 'A5188', 'A5190', 'A5191', 'A5190', 'A5192', 'A5193', 'A5194', 'A5195', 'A5198', 'A5199', 'A5200', 'A5199', 'A5201', 'A5202', 'A5201', 'A5503', 'A5203', 'A5204', 'A5205', 'A5204', 'A5208', 'A5207', 'A5206', 'A5503', 'A5196', 'A5195', 'A5194', 'A5193', 'A5199', 'A5198']"
68,A5175,"['A5175', 'A5172', 'A5173', 'A5174', 'A5173', 'A5172', 'A5171', 'A5170', 'A5168', 'A5900', 'A5176', 'A5706', 'A5177', 'A5705', 'A5179', 'A5159', 'A5163', 'A5217', 'A5216', 'A5218', 'A5221', 'A5222', 'A5229', 'A5703', 'A5230', 'A5231', 'A5232', 'A5233', 'A5234', 'A5227', 'A5214', 'A5215', 'A5218', 'A5216', 'A5220', 'A5223', 'A5222', 'A5221', 'A5218', 'A5215', 'A5214', 'A5227', 'A5703', 'A5229', 'A5222', 'A5225', 'A5226', 'A5161', 'A5702', 'A5156', 'N-0498', 'A5156', 'A5159', 'A5179', 'A5164', 'A5165', 'A5182', 'A5181', 'A5180', 'A5164', 'A5179', 'A5705', 'A5165', 'A5164', 'A5180', 'A5184', 'A5180', 'A5186', 'A5185', 'A5186', 'A5188', 'A5190', 'A5191', 'A5190', 'A5192', 'A5193', 'A5194', 'A5195', 'A5198', 'A5199', 'A5200', 'A5199', 'A5201', 'A5202', 'A5201', 'A5503', 'A5203', 'A5204', 'A5205', 'A5204', 'A5208', 'A5207', 'A5206', 'A5503', 'A5196', 'A5195', 'A5194', 'A5193', 'A5199', 'A5198']"
69,A5175,"['A5175', 'A5172', 'A5173', 'A5174', 'A5173', 'A5172', 'A5171', 'A5170', 'A5168', 'A5900', 'A5176', 'A5706', 'A5177', 'A5705', 'A5179', 'A5159', 'A5163', 'A5217', 'A5216', 'A5218', 'A5221', 'A5222', 'A5229', 'A5703', 'A5230', 'A5231', 'A5232', 'A5233', 'A5234', 'A5227', 'A5214', 'A5215', 'A5218', 'A5216', 'A5220', 'A5223', 'A5222', 'A5221', 'A5218', 'A5215', 'A5214', 'A5227', 'A5703', 'A5229', 'A5222', 'A5225', 'A5226', 'A5161', 'A5702', 'A5156', 'N-0498', 'A5156', 'A5159', 'A5179', 'A5164', 'A5165', 'A5182', 'A5181', 'A5180', 'A5164', 'A5179', 'A5705', 'A5165', 'A5164', 'A5180', 'A5184', 'A5180', 'A5186', 'A5185', 'A5186', 'A5188', 'A5190', 'A5191', 'A5190', 'A5192', 'A5193', 'A5194', 'A5195', 'A5198', 'A5199', 'A5200', 'A5199', 'A5201', 'A5202', 'A5201', 'A5503', 'A5203', 'A5204', 'A5205', 'A5204', 'A5208', 'A5207', 'A5206', 'A5503', 'A5196', 'A5195', 'A5194', 'A5193', 'A5199', 'A5198']"
70,A5175,"['A5175', 'A5172', 'A5173', 'A5174', 'A5173', 'A5172', 'A5171', 'A5170', 'A5168', 'A5900', 'A5176', 'A5706', 'A5177', 'A5705', 'A5179', 'A5159', 'A5163', 'A5217', 'A5216', 'A5218', 'A5221', 'A5222', 'A5229', 'A5703', 'A5230', 'A5231', 'A5232', 'A5233', 'A5234', 'A5227', 'A5214', 'A5215', 'A5218', 'A5216', 'A5220', 'A5223', 'A5222', 'A5221', 'A5218', 'A5215', 'A5214', 'A5227', 'A5703', 'A5229', 'A5222', 'A5225', 'A5226', 'A5161', 'A5702', 'A5156', 'N-0498', 'A5156', 'A5159', 'A5179', 'A5164', 'A5165', 'A5182', 'A5181', 'A5180', 'A5164', 'A5179', 'A5705', 'A5165', 'A5164', 'A5180', 'A5184', 'A5180', 'A5186', 'A5185', 'A5186', 'A5188', 'A5190', 'A5191', 'A5190', 'A5192', 'A5193', 'A5194', 'A5195', 'A5198', 'A5199', 'A5200', 'A5199', 'A5201', 'A5202', 'A5201', 'A5503', 'A5203', 'A5204', 'A5205', 'A5204', 'A5208', 'A5207', 'A5206', 'A5503', 'A5196', 'A5195', 'A5194', 'A5193', 'A5199', 'A5198']"
71,A5175,"['A5175', 'A5172', 'A5173', 'A5174', 'A5173', 'A5172', 'A5171', 'A5170', 'A5168', 'A5900', 'A5176', 'A5706', 'A5177', 'A5705', 'A5179', 'A5159', 'A5163', 'A5217', 'A5216', 'A5218', 'A5221', 'A5222', 'A5229', 'A5703', 'A5230', 'A5231', 'A5232', 'A5233', 'A5234', 'A5227', 'A5214', 'A5215', 'A5218', 'A5216', 'A5220', 'A5223', 'A5222', 'A5221', 'A5218', 'A5215', 'A5214', 'A5227', 'A5703', 'A5229', 'A5222', 'A5225', 'A5226', 'A5161', 'A5702', 'A5156', 'N-0498', 'A5156', 'A5159', 'A5179', 'A5164', 'A5165', 'A5182', 'A5181', 'A5180', 'A5164', 'A5179', 'A5705', 'A5165', 'A5164', 'A5180', 'A5184', 'A5180', 'A5186', 'A5185', 'A5186', 'A5188', 'A5190', 'A5191', 'A5190', 'A5192', 'A5193', 'A5194', 'A5195', 'A5198', 'A5199', 'A5200', 'A5199', 'A5201', 'A5202', 'A5201', 'A5503', 'A5203', 'A5204', 'A5205', 'A5204', 'A5208', 'A5207', 'A5206', 'A5503', 'A5196', 'A5195', 'A5194', 'A5193', 'A5199', 'A5198']"
72,A5175,"['A5175', 'A5172', 'A5173', 'A5174', 'A5173', 'A5172', 'A5171', 'A5170', 'A5168', 'A5900', 'A5176', 'A5706', 'A5177', 'A5705', 'A5179', 'A5159', 'A5163', 'A5217', 'A5216', 'A5218', 'A5221', 'A5222', 'A5229', 'A5703', 'A5230', 'A5231', 'A5232', 'A5233', 'A5234', 'A5227', 'A5214', 'A5215', 'A5218', 'A5216', 'A5220', 'A5223', 'A5222', 'A5221', 'A5218', 'A5215', 'A5214', 'A5227', 'A5703', 'A5229', 'A5222', 'A5225', 'A5226', 'A5161', 'A5702', 'A5156', 'N-0498', 'A5156', 'A5159', 'A5179', 'A5164', 'A5165', 'A5182', 'A5181', 'A5180', 'A5164', 'A5179', 'A5705', 'A5165', 'A5164', 'A5180', 'A5184', 'A5180', 'A5186', 'A5185', 'A5186', 'A5188', 'A5190', 'A5191', 'A5190', 'A5192', 'A5193', 'A5194', 'A5195', 'A5198', 'A5199', 'A5200', 'A5199', 'A5201', 'A5202', 'A5201', 'A5503', 'A5203', 'A5204', 'A5205', 'A5204', 'A5208', 'A5207', 'A5206', 'A5503', 'A5196', 'A5195', 'A5194', 'A5193', 'A5199', 'A5198']"
73,A5175,"['A5175', 'A5172', 'A5173', 'A5174', 'A5173', 'A5172', 'A5171', 'A5170', 'A5168', 'A5900', 'A5176', 'A5706', 'A5177', 'A5705', 'A5179', 'A5159', 'A5163', 'A5217', 'A5216', 'A5218', 'A5221', 'A5222', 'A5229', 'A5703', 'A5230', 'A5231', 'A5232', 'A5233', 'A5234', 'A5227', 'A5214', 'A5215', 'A5218', 'A5216', 'A5220', 'A5223', 'A5222', 'A5221', 'A5218', 'A5215', 'A5214', 'A5227', 'A5703', 'A5229', 'A5222', 'A5225', 'A5226', 'A5161', 'A5702', 'A5156', 'N-0498', 'A5156', 'A5159', 'A5179', 'A5164', 'A5165', 'A5182', 'A5181', 'A5180', 'A5164', 'A5179', 'A5705', 'A5165', 'A5164', 'A5180', 'A5184', 'A5180', 'A5186', 'A5185', 'A5186', 'A5188', 'A5190', 'A5191', 'A5190', 'A5192', 'A5193', 'A5194', 'A5195', 'A5198', 'A5199', 'A5200', 'A5199', 'A5201', 'A5202', 'A5201', 'A5503', 'A5203', 'A5204', 'A5205', 'A5204', 'A5208', 'A5207', 'A5206', 'A5503', 'A5196', 'A5195', 'A5194', 'A5193', 'A5199', 'A5198']"
74,A5175,"['A5175', 'A5172', 'A5173', 'A5174', 'A5173', 'A5172', 'A5171', 'A5170', 'A5168', 'A5900', 'A5176', 'A5706', 'A5177', 'A5705', 'A5179', 'A5159', 'A5163', 'A5217', 'A5216', 'A5218', 'A5221', 'A5222', 'A5229', 'A5703', 'A5230', 'A5231', 'A5232', 'A5233', 'A5234', 'A5227', 'A5214', 'A5215', 'A5218', 'A5216', 'A5220', 'A5223', 'A5222', 'A5221', 'A5218', 'A5215', 'A5214', 'A5227', 'A5703', 'A5229', 'A5222', 'A5225', 'A5226', 'A5161', 'A5702', 'A5156', 'N-0498', 'A5156', 'A5159', 'A5179', 'A5164', 'A5165', 'A5182', 'A5181', 'A5180', 'A5164', 'A5179', 'A5705', 'A5165', 'A5164', 'A5180', 'A5184', 'A5180', 'A5186', 'A5185', 'A5186', 'A5188', 'A5190', 'A5191', 'A5190', 'A5192', 'A5193', 'A5194', 'A5195', 'A5198', 'A5199', 'A5200', 'A5199', 'A5201', 'A5202', 'A5201', 'A5503', 'A5203', 'A5204', 'A5205', 'A5204', 'A5208', 'A5207', 'A5206', 'A5503', 'A5196', 'A5195', 'A5194', 'A5193', 'A5199', 'A5198']"
75,A5175,"['A5175', 'A5172', 'A5173', 'A5174', 'A5173', 'A5172', 'A5171', 'A5170', 'A5168', 'A5900', 'A5176', 'A5706', 'A5177', 'A5705', 'A5179', 'A5159', 'A5163', 'A5217', 'A5216', 'A5218', 'A5221', 'A5222', 'A5229', 'A5703', 'A5230', 'A5231', 'A5232', 'A5233', 'A5234', 'A5227', 'A5214', 'A5215', 'A5218', 'A5216', 'A5220', 'A5223', 'A5222', 'A5221', 'A5218', 'A5215', 'A5214', 'A5227', 'A5703', 'A5229', 'A5222', 'A5225', 'A5226', 'A5161', 'A5702', 'A5156', 'N-0498', 'A5156', 'A5159', 'A5179', 'A5164', 'A5165', 'A5182', 'A5181', 'A5180', 'A5164', 'A5179', 'A5705', 'A5165', 'A5164', 'A5180', 'A5184', 'A5180', 'A5186', 'A5185', 'A5186', 'A5188', 'A5190', 'A5191', 'A5190', 'A5192', 'A5193', 'A5194', 'A5195', 'A5198', 'A5199', 'A5200', 'A5199', 'A5201', 'A5202', 'A5201', 'A5503', 'A5203', 'A5204', 'A5205', 'A5204', 'A5208', 'A5207', 'A5206', 'A5503', 'A5196', 'A5195', 'A5194', 'A5193', 'A5199', 'A5198']"
76,A5175,"['A5175', 'A5172', 'A5173', 'A5174', 'A5173', 'A5172', 'A5171', 'A5170', 'A5168', 'A5900', 'A5176', 'A5706', 'A5177', 'A5705', 'A5179', 'A5159', 'A5163', 'A5217', 'A5216', 'A5218', 'A5221', 'A5222', 'A5229', 'A5703', 'A5230', 'A5231', 'A5232', 'A5233', 'A5234', 'A5227', 'A5214', 'A5215', 'A5218', 'A5216', 'A5220', 'A5223', 'A5222', 'A5221', 'A5218', 'A5215', 'A5214', 'A5227', 'A5703', 'A5229', 'A5222', 'A5225', 'A5226', 'A5161', 'A5702', 'A5156', 'N-0498', 'A5156', 'A5159', 'A5179', 'A5164', 'A5165', 'A5182', 'A5181', 'A5180', 'A5164', 'A5179', 'A5705', 'A5165', 'A5164', 'A5180', 'A5184', 'A5180', 'A5186', 'A5185', 'A5186', 'A5188', 'A5190', 'A5191', 'A5190', 'A5192', 'A5193', 'A5194', 'A5195', 'A5198', 'A5199', 'A5200', 'A5199', 'A5201', 'A5202', 'A5201', 'A5503', 'A5203', 'A5204', 'A5205', 'A5204', 'A5208', 'A5207', 'A5206', 'A5503', 'A5196', 'A5195', 'A5194', 'A5193', 'A5199', 'A5198']"
77,A5175,"['A5175', 'A5172', 'A5173', 'A5174', 'A5173', 'A5172', 'A5171', 'A5170', 'A5168', 'A5900', 'A5176', 'A5706', 'A5177', 'A5705', 'A5179', 'A5159', 'A5163', 'A5217', 'A5216', 'A5218', 'A5221', 'A5222', 'A5229', 'A5703', 'A5230', 'A5231', 'A5232', 'A5233', 'A5234', 'A5227', 'A5214', 'A5215', 'A5218', 'A5216', 'A5220', 'A5223', 'A5222', 'A5221', 'A5218', 'A5215', 'A5214', 'A5227', 'A5703', 'A5229', 'A5222', 'A5225', 'A5226', 'A5161', 'A5702', 'A5156', 'N-0498', 'A5156', 'A5159', 'A5179', 'A5164', 'A5165', 'A5182', 'A5181', 'A5180', 'A5164', 'A5179', 'A5705', 'A5165', 'A5164', 'A5180', 'A5184', 'A5180', 'A5186', 'A5185', 'A5186', 'A5188', 'A5190', 'A5191', 'A5190', 'A5192', 'A5193', 'A5194', 'A5195', 'A5198', 'A5199', 'A5200', 'A5199', 'A5201', 'A5202', 'A5201', 'A5503', 'A5203', 'A5204', 'A5205', 'A5204', 'A5208', 'A5207', 'A5206', 'A5503', 'A5196', 'A5195', 'A5194', 'A5193', 'A5199', 'A5198']"
78,A5175,"['A5175', 'A5172', 'A5173', 'A5174', 'A5173', 'A5172', 'A5171', 'A5170', 'A5168', 'A5900', 'A5176', 'A5706', 'A5177', 'A5705', 'A5179', 'A5159', 'A5163', 'A5217', 'A5216', 'A5218', 'A5221', 'A5222', 'A5229', 'A5703', 'A5230', 'A5231', 'A5232', 'A5233', 'A5234', 'A5227', 'A5214', 'A5215', 'A5218', 'A5216', 'A5220', 'A5223', 'A5222', 'A5221', 'A5218', 'A5215', 'A5214', 'A5227', 'A5703', 'A5229', 'A5222', 'A5225', 'A5226', 'A5161', 'A5702', 'A5156', 'N-0498', 'A5156', 'A5159', 'A5179', 'A5164', 'A5165', 'A5182', 'A5181', 'A5180', 'A5164', 'A5179', 'A5705', 'A5165', 'A5164', 'A5180', 'A5184', 'A5180', 'A5186', 'A5185', 'A5186', 'A5188', 'A5190', 'A5191', 'A5190', 'A5192', 'A5193', 'A5194', 'A5195', 'A5198', 'A5199', 'A5200', 'A5199', 'A5201', 'A5202', 'A5201', 'A5503', 'A5203', 'A5204', 'A5205', 'A5204', 'A5208', 'A5207', 'A5206', 'A5503', 'A5196', 'A5195', 'A5194', 'A5193', 'A5199', 'A5198']"
79,A5175,"['A5175', 'A5172', 'A5173', 'A5174', 'A5173', 'A5172', 'A5171', 'A5170', 'A5168', 'A5900', 'A5176', 'A5706', 'A5177', 'A5705', 'A5179', 'A5159', 'A5163', 'A5217', 'A5216', 'A5218', 'A5221', 'A5222', 'A5229', 'A5703', 'A5230', 'A5231', 'A5232', 'A5233', 'A5234', 'A5227', 'A5214', 'A5215', 'A5218', 'A5216', 'A5220', 'A5223', 'A5222', 'A5221', 'A5218', 'A5215', 'A5214', 'A5227', 'A5703', 'A5229', 'A5222', 'A5225', 'A5226', 'A5161', 'A5702', 'A5156', 'N-0498', 'A5156', 'A5159', 'A5179', 'A5164', 'A5165', 'A5182', 'A5181', 'A5180', 'A5164', 'A5179', 'A5705', 'A5165', 'A5164', 'A5180', 'A5184', 'A5180', 'A5186', 'A5185', 'A5186', 'A5188', 'A5190', 'A5191', 'A5190', 'A5192', 'A5193', 'A5194', 'A5195', 'A5198', 'A5199', 'A5200', 'A5199', 'A5201', 'A5202', 'A5201', 'A5503', 'A5203', 'A5204', 'A5205', 'A5204', 'A5208', 'A5207', 'A5206', 'A5503', 'A5196', 'A5195', 'A5194', 'A5193', 'A5199', 'A5198']"
