agent_id,start_pos,path
0,A5175,"['A5175', 'A5172', 'A5171', 'A5170', 'A5168', 'A5169', 'A5168', 'A5169', 'A5168', 'A5169', 'A5168', 'A5169', 'A5168', 'A5169', 'A5168', 'A5169', 'A5168', 'A5169', 'A5168', 'A5169', 'A5168', 'A5169', 'A5168', 'A5169', 'A5168', 'A5169', 'A5168', 'A5169', 'A5168', 'A5169', 'A5168', 'A5169', 'A5168', 'A5169', 'A5168', 'A5169', 'A5168', 'A5169', 'A5168', 'A5169', 'A5168', 'A5169', 'A5168', 'A5169', 'A5168', 'A5169', 'A5168', 'A5169', 'A5168', 'A5169', 'A5168', 'A5169', 'A5168', 'A5169', 'A5168', 'A5169', 'A5168', 'A5169', 'A5168', 'A5169', 'A5168', 'A5169', 'A5168', 'A5169', 'A5168', 'A5169', 'A5168', 'A5169', 'A5168', 'A5169', 'A5168', 'A5169', 'A5168', 'A5169', 'A5168', 'A5169', 'A5168', 'A5169', 'A5168', 'A5169', 'A5168', 'A5169', 'A5168', 'A5169', 'A5168', 'A5169', 'A5168', 'A5169', 'A5168', 'A5169', 'A5168', 'A5169', 'A5168', 'A5169', 'A5168', 'A5169', 'A5168', 'A5169', 'A5168', 'A5169', 'A5168', 'A5169', 'A5168', 'A5169', 'A5168', 'A5169', 'A5168', 'A5169', 'A5168', 'A5169', 'A5168', 'A5169', 'A5168', 'A5169', 'A5168', 'A5169', 'A5168', 'A5169', 'A5168', 'A5169', 'A5168', 'A5169', 'A5168', 'A5169', 'A5168', 'A5169', 'A5168', 'A5169', 'A5168', 'A5169', 'A5168', 'A5169', 'A5168', 'A5169', 'A5168', 'A5169', 'A5168', 'A5169', 'A5168', 'A5169', 'A5168', 'A5169', 'A5168', 'A5169', 'A5168', 'A5169', 'A5168', 'A5169', 'A5168', 'A5169', 'A5168', 'A5169', 'A5168', 'A5169', 'A5168', 'A5169', 'A5168', 'A5169', 'A5168', 'A5169', 'A5168', 'A5169', 'A5168', 'A5169', 'A5168', 'A5169', 'A5168', 'A5169', 'A5168', 'A5169', 'A5168', 'A5169', 'A5168', 'A5169', 'A5168', 'A5169', 'A5168', 'A5169', 'A5168', 'A5169', 'A5168', 'A5169', 'A5168', 'A5169', 'A5168', 'A5169', 'A5168', 'A5169', 'A5168', 'A5169', 'A5168', 'A5169', 'A5168', 'A5169', 'A5168', 'A5169', 'A5168', 'A5169', 'A5168', 'A5169', 'A5168', 'A5169', 'A5168', 'A5169', 'A5168', 'A5169', 'A5168', 'A5169', 'A5168', 'A5169', 'A5168', 'A5169', 'A5168', 'A5169', 'A5168', 'A5169', 'A5168', 'A5169', 'A5168', 'A5169', 'A5168', 'A5169', 'A5168', 'A5169', 'A5168', 'A5169', 'A5168', 'A5169', 'A5168', 'A5169', 'A5168', 'A5169', 'A5168', 'A5169', 'A5168', 'A5169', 'A5168', 'A5169', 'A5168', 'A5169', 'A5168', 'A5169', 'A5168', 'A5169', 'A5168', 'A5169', 'A5168', 'A5169', 'A5168', 'A5169', 'A5168', 'A5169', 'A5168', 'A5169', 'A5168', 'A5169', 'A5168', 'A5169', 'A5168', 'A5169', 'A5168', 'A5169', 'A5168', 'A5169', 'A5168', 'A5169', 'A5168', 'A5169', 'A5168', 'A5169', 'A5168', 'A5169', 'A5168', 'A5169', 'A5168', 'A5169', 'A5168', 'A5169', 'A5168', 'A5169', 'A5168', 'A5169', 'A5168', 'A5169', 'A5168', 'A5169', 'A5168', 'A5169', 'A5168', 'A5169', 'A5168', 'A5169', 'A5168', 'A5169', 'A5168', 'A5169', 'A5168', 'A5169', 'A5168', 'A5169', 'A5168', 'A5169', 'A5168', 'A5169', 'A5168', 'A5169', 'A5168', 'A5169', 'A5168', 'A5169', 'A5168', 'A5169', 'A5168', 'A5169', 'A5168', 'A5169', 'A5168', 'A5169', 'A5168', 'A5169', 'A5168', 'A5169', 'A5168', 'A5169', 'A5168', 'A5169', 'A5168', 'A5169', 'A5168', 'A5169', 'A5168', 'A5169', 'A5168', 'A5169', 'A5168', 'A5169', 'A5168', 'A5169', 'A5168', 'A5169', 'A5168', 'A5169', 'A5168', 'A5169', 'A5168', 'A5169', 'A5168', 'A5169', 'A5168', 'A5169', 'A5168', 'A5169', 'A5168', 'A5169', 'A5168', 'A5169', 'A5168', 'A5169', 'A5168', 'A5169', 'A5168', 'A5169', 'A5168', 'A5169', 'A5168', 'A5169', 'A5168', 'A5169', 'A5168', 'A5169', 'A5168', 'A5169', 'A5168', 'A5169', 'A5168', 'A5169', 'A5168', 'A5169', 'A5168', 'A5169', 'A5168', 'A5169', 'A5168', 'A5169', 'A5168', 'A5169', 'A5168', 'A5169', 'A5168', 'A5169', 'A5168', 'A5169', 'A5168', 'A5169', 'A5168', 'A5169', 'A5168', 'A5169', 'A5168', 'A5169', 'A5168', 'A5169', 'A5168', 'A5169', 'A5168', 'A5169', 'A5168', 'A5169', 'A5168', 'A5169', 'A5168', 'A5169', 'A5168', 'A5169', 'A5168', 'A5169', 'A5168', 'A5169', 'A5168', 'A5169', 'A5168', 'A5169', 'A5168', 'A5169', 'A5168', 'A5169', 'A5168', 'A5169', 'A5168', 'A5169', 'A5168', 'A5169', 'A5168', 'A5169', 'A5168', 'A5169', 'A5168', 'A5169', 'A5168', 'A5169', 'A5168', 'A5169', 'A5168', 'A5169', 'A5168', 'A5169', 'A5168', 'A5169', 'A5168', 'A5169', 'A5168', 'A5169', 'A5168', 'A5169', 'A5168', 'A5169', 'A5168', 'A5169', 'A5168', 'A5169', 'A5168', 'A5169', 'A5168', 'A5169', 'A5168', 'A5169', 'A5168', 'A5169', 'A5168', 'A5169', 'A5168', 'A5169', 'A5168', 'A5169', 'A5168', 'A5169', 'A5168', 'A5169', 'A5168', 'A5169', 'A5168', 'A5169', 'A5168', 'A5169', 'A5168', 'A5169', 'A5168', 'A5169', 'A5168', 'A5169', 'A5168', 'A5169', 'A5168', 'A5169', 'A5168', 'A5169', 'A5168', 'A5169', 'A5168', 'A5169']"
1,A5175,"['A5175', 'A5172', 'A5175', 'A5172', 'A5171', 'A5170', 'A5168', 'A5170', 'A5168', 'A5170', 'A5168', 'A5170', 'A5168', 'A5170', 'A5168', 'A5170', 'A5168', 'A5170', 'A5168', 'A5170', 'A5168', 'A5170', 'A5168', 'A5170', 'A5168', 'A5170', 'A5168', 'A5170', 'A5168', 'A5170', 'A5168', 'A5170', 'A5168', 'A5170', 'A5168', 'A5170', 'A5168', 'A5170', 'A5168', 'A5170', 'A5168', 'A5170', 'A5168', 'A5170', 'A5168', 'A5170', 'A5168', 'A5170', 'A5168', 'A5170', 'A5168', 'A5170', 'A5168', 'A5170', 'A5168', 'A5170', 'A5168', 'A5170', 'A5168', 'A5170', 'A5168', 'A5170', 'A5168', 'A5170', 'A5168', 'A5170', 'A5168', 'A5170', 'A5168', 'A5170', 'A5168', 'A5170', 'A5168', 'A5170', 'A5168', 'A5170', 'A5168', 'A5170', 'A5168', 'A5170', 'A5168', 'A5170', 'A5168', 'A5170', 'A5168', 'A5170', 'A5168', 'A5170', 'A5168', 'A5170', 'A5168', 'A5170', 'A5168', 'A5170', 'A5168', 'A5170', 'A5168', 'A5170', 'A5168', 'A5170', 'A5168', 'A5170', 'A5168', 'A5170', 'A5168', 'A5170', 'A5168', 'A5170', 'A5168', 'A5170', 'A5168', 'A5170', 'A5168', 'A5170', 'A5168', 'A5170', 'A5168', 'A5170', 'A5168', 'A5170', 'A5168', 'A5170', 'A5168', 'A5170', 'A5168', 'A5170', 'A5168', 'A5170', 'A5168', 'A5170', 'A5168', 'A5170', 'A5168', 'A5170', 'A5168', 'A5170', 'A5168', 'A5170', 'A5168', 'A5170', 'A5168', 'A5170', 'A5168', 'A5170', 'A5168', 'A5170', 'A5168', 'A5170', 'A5168', 'A5170', 'A5168', 'A5170', 'A5168', 'A5170', 'A5168', 'A5170', 'A5168', 'A5170', 'A5168', 'A5170', 'A5168', 'A5170', 'A5168', 'A5170', 'A5168', 'A5170', 'A5168', 'A5170', 'A5168', 'A5170', 'A5168', 'A5170', 'A5168', 'A5170', 'A5168', 'A5170', 'A5168', 'A5170', 'A5168', 'A5170', 'A5168', 'A5170', 'A5168', 'A5170', 'A5168', 'A5170', 'A5168', 'A5170', 'A5168', 'A5170', 'A5168', 'A5170', 'A5168', 'A5170', 'A5168', 'A5170', 'A5168', 'A5170', 'A5168', 'A5170', 'A5168', 'A5170', 'A5168', 'A5170', 'A5168', 'A5170', 'A5168', 'A5170', 'A5168', 'A5170', 'A5168', 'A5170', 'A5168', 'A5170', 'A5168', 'A5170', 'A5168', 'A5170', 'A5168', 'A5170', 'A5168', 'A5170', 'A5168', 'A5170', 'A5168', 'A5170', 'A5168', 'A5170', 'A5168', 'A5170', 'A5168', 'A5170', 'A5168', 'A5170', 'A5168', 'A5170', 'A5168', 'A5170', 'A5168', 'A5170', 'A5168', 'A5170', 'A5168', 'A5170', 'A5168', 'A5170', 'A5168', 'A5170', 'A5168', 'A5170', 'A5168', 'A5170', 'A5168', 'A5170', 'A5168', 'A5170', 'A5168', 'A5170', 'A5168', 'A5170', 'A5168', 'A5170', 'A5168', 'A5170', 'A5168', 'A5170', 'A5168', 'A5170', 'A5168', 'A5170', 'A5168', 'A5170', 'A5168', 'A5170', 'A5168', 'A5170', 'A5168', 'A5170', 'A5168', 'A5170', 'A5168', 'A5170', 'A5168', 'A5170', 'A5168', 'A5170', 'A5168', 'A5170', 'A5168', 'A5170', 'A5168', 'A5170', 'A5168', 'A5170', 'A5168', 'A5170', 'A5168', 'A5170', 'A5168', 'A5170', 'A5168', 'A5170', 'A5168', 'A5170', 'A5168', 'A5170', 'A5168', 'A5170', 'A5168', 'A5170', 'A5168', 'A5170', 'A5168', 'A5170', 'A5168', 'A5170', 'A5168', 'A5170', 'A5168', 'A5170', 'A5168', 'A5170', 'A5168', 'A5170', 'A5168', 'A5170', 'A5168', 'A5170', 'A5168', 'A5170', 'A5168', 'A5170', 'A5168', 'A5170', 'A5168', 'A5170', 'A5168', 'A5170', 'A5168', 'A5170', 'A5168', 'A5170', 'A5168', 'A5170', 'A5168', 'A5170', 'A5168', 'A5170', 'A5168', 'A5170', 'A5168', 'A5170', 'A5168', 'A5170', 'A5168', 'A5170', 'A5168', 'A5170', 'A5168', 'A5170', 'A5168', 'A5170', 'A5168', 'A5170', 'A5168', 'A5170', 'A5168', 'A5170', 'A5168', 'A5170', 'A5168', 'A5170', 'A5168', 'A5170', 'A5168', 'A5170', 'A5168', 'A5170', 'A5168', 'A5170', 'A5168', 'A5170', 'A5168', 'A5170', 'A5168', 'A5170', 'A5168', 'A5170', 'A5168', 'A5170', 'A5168', 'A5170', 'A5168', 'A5170', 'A5168', 'A5170', 'A5168', 'A5170', 'A5168', 'A5170', 'A5168', 'A5170', 'A5168', 'A5170', 'A5168', 'A5170', 'A5168', 'A5170', 'A5168', 'A5170', 'A5168', 'A5170', 'A5168', 'A5170', 'A5168', 'A5170', 'A5168', 'A5170', 'A5168', 'A5170', 'A5168', 'A5170', 'A5168', 'A5170', 'A5168', 'A5170', 'A5168', 'A5170', 'A5168', 'A5170', 'A5168', 'A5170', 'A5168', 'A5170', 'A5168', 'A5170', 'A5168', 'A5170', 'A5168', 'A5170', 'A5168', 'A5170', 'A5168', 'A5170', 'A5168', 'A5170', 'A5168', 'A5170', 'A5168', 'A5170', 'A5168', 'A5170', 'A5168', 'A5170', 'A5168', 'A5170', 'A5168', 'A5170', 'A5168', 'A5170', 'A5168', 'A5170', 'A5168', 'A5170', 'A5168', 'A5170', 'A5168', 'A5170', 'A5168', 'A5170', 'A5168', 'A5170', 'A5168', 'A5170', 'A5168', 'A5170', 'A5168', 'A5170', 'A5168', 'A5170', 'A5168', 'A5170', 'A5168', 'A5170', 'A5168', 'A5170', 'A5168', 'A5170', 'A5168', 'A5170', 'A5168', 'A5170', 'A5168', 'A5170', 'A5168', 'A5170', 'A5168', 'A5170', 'A5168', 'A5170']"
2,A5175,"['A5175', 'A5172', 'A5173', 'A5172', 'A5175', 'A5172', 'A5171', 'A5170', 'A5171', 'A5170', 'A5171', 'A5170', 'A5171', 'A5170', 'A5171', 'A5170', 'A5171', 'A5170', 'A5171', 'A5170', 'A5171', 'A5170', 'A5171', 'A5170', 'A5171', 'A5170', 'A5171', 'A5170', 'A5171', 'A5170', 'A5171', 'A5170', 'A5171', 'A5170', 'A5171', 'A5170', 'A5171', 'A5170', 'A5171', 'A5170', 'A5171', 'A5170', 'A5171', 'A5170', 'A5171', 'A5170', 'A5171', 'A5170', 'A5171', 'A5170', 'A5171', 'A5170', 'A5171', 'A5170', 'A5171', 'A5170', 'A5171', 'A5170', 'A5171', 'A5170', 'A5171', 'A5170', 'A5171', 'A5170', 'A5171', 'A5170', 'A5171', 'A5170', 'A5171', 'A5170', 'A5171', 'A5170', 'A5171', 'A5170', 'A5171', 'A5170', 'A5171', 'A5170', 'A5171', 'A5170', 'A5171', 'A5170', 'A5171', 'A5170', 'A5171', 'A5170', 'A5171', 'A5170', 'A5171', 'A5170', 'A5171', 'A5170', 'A5171', 'A5170', 'A5171', 'A5170', 'A5171', 'A5170', 'A5171', 'A5170', 'A5171', 'A5170', 'A5171', 'A5170', 'A5171', 'A5170', 'A5171', 'A5170', 'A5171', 'A5170', 'A5171', 'A5170', 'A5171', 'A5170', 'A5171', 'A5170', 'A5171', 'A5170', 'A5171', 'A5170', 'A5171', 'A5170', 'A5171', 'A5170', 'A5171', 'A5170', 'A5171', 'A5170', 'A5171', 'A5170', 'A5171', 'A5170', 'A5171', 'A5170', 'A5171', 'A5170', 'A5171', 'A5170', 'A5171', 'A5170', 'A5171', 'A5170', 'A5171', 'A5170', 'A5171', 'A5170', 'A5171', 'A5170', 'A5171', 'A5170', 'A5171', 'A5170', 'A5171', 'A5170', 'A5171', 'A5170', 'A5171', 'A5170', 'A5171', 'A5170', 'A5171', 'A5170', 'A5171', 'A5170', 'A5171', 'A5170', 'A5171', 'A5170', 'A5171', 'A5170', 'A5171', 'A5170', 'A5171', 'A5170', 'A5171', 'A5170', 'A5171', 'A5170', 'A5171', 'A5170', 'A5171', 'A5170', 'A5171', 'A5170', 'A5171', 'A5170', 'A5171', 'A5170', 'A5171', 'A5170', 'A5171', 'A5170', 'A5171', 'A5170', 'A5171', 'A5170', 'A5171', 'A5170', 'A5171', 'A5170', 'A5171', 'A5170', 'A5171', 'A5170', 'A5171', 'A5170', 'A5171', 'A5170', 'A5171', 'A5170', 'A5171', 'A5170', 'A5171', 'A5170', 'A5171', 'A5170', 'A5171', 'A5170', 'A5171', 'A5170', 'A5171', 'A5170', 'A5171', 'A5170', 'A5171', 'A5170', 'A5171', 'A5170', 'A5171', 'A5170', 'A5171', 'A5170', 'A5171', 'A5170', 'A5171', 'A5170', 'A5171', 'A5170', 'A5171', 'A5170', 'A5171', 'A5170', 'A5171', 'A5170', 'A5171', 'A5170', 'A5171', 'A5170', 'A5171', 'A5170', 'A5171', 'A5170', 'A5171', 'A5170', 'A5171', 'A5170', 'A5171', 'A5170', 'A5171', 'A5170', 'A5171', 'A5170', 'A5171', 'A5170', 'A5171', 'A5170', 'A5171', 'A5170', 'A5171', 'A5170', 'A5171', 'A5170', 'A5171', 'A5170', 'A5171', 'A5170', 'A5171', 'A5170', 'A5171', 'A5170', 'A5171', 'A5170', 'A5171', 'A5170', 'A5171', 'A5170', 'A5171', 'A5170', 'A5171', 'A5170', 'A5171', 'A5170', 'A5171', 'A5170', 'A5171', 'A5170', 'A5171', 'A5170', 'A5171', 'A5170', 'A5171', 'A5170', 'A5171', 'A5170', 'A5171', 'A5170', 'A5171', 'A5170', 'A5171', 'A5170', 'A5171', 'A5170', 'A5171', 'A5170', 'A5171', 'A5170', 'A5171', 'A5170', 'A5171', 'A5170', 'A5171', 'A5170', 'A5171', 'A5170', 'A5171', 'A5170', 'A5171', 'A5170', 'A5171', 'A5170', 'A5171', 'A5170', 'A5171', 'A5170', 'A5171', 'A5170', 'A5171', 'A5170', 'A5171', 'A5170', 'A5171', 'A5170', 'A5171', 'A5170', 'A5171', 'A5170', 'A5171', 'A5170', 'A5171', 'A5170', 'A5171', 'A5170', 'A5171', 'A5170', 'A5171', 'A5170', 'A5171', 'A5170', 'A5171', 'A5170', 'A5171', 'A5170', 'A5171', 'A5170', 'A5171', 'A5170', 'A5171', 'A5170', 'A5171', 'A5170', 'A5171', 'A5170', 'A5171', 'A5170', 'A5171', 'A5170', 'A5171', 'A5170', 'A5171', 'A5170', 'A5171', 'A5170', 'A5171', 'A5170', 'A5171', 'A5170', 'A5171', 'A5170', 'A5171', 'A5170', 'A5171', 'A5170', 'A5171', 'A5170', 'A5171', 'A5170', 'A5171', 'A5170', 'A5171', 'A5170', 'A5171', 'A5170', 'A5171', 'A5170', 'A5171', 'A5170', 'A5171', 'A5170', 'A5171', 'A5170', 'A5171', 'A5170', 'A5171', 'A5170', 'A5171', 'A5170', 'A5171', 'A5170', 'A5171', 'A5170', 'A5171', 'A5170', 'A5171', 'A5170', 'A5171', 'A5170', 'A5171', 'A5170', 'A5171', 'A5170', 'A5171', 'A5170', 'A5171', 'A5170', 'A5171', 'A5170', 'A5171', 'A5170', 'A5171', 'A5170', 'A5171', 'A5170', 'A5171', 'A5170', 'A5171', 'A5170', 'A5171', 'A5170', 'A5171', 'A5170', 'A5171', 'A5170', 'A5171', 'A5170', 'A5171', 'A5170', 'A5171', 'A5170', 'A5171', 'A5170', 'A5171', 'A5170', 'A5171', 'A5170', 'A5171', 'A5170', 'A5171', 'A5170', 'A5171', 'A5170', 'A5171', 'A5170', 'A5171', 'A5170', 'A5171', 'A5170', 'A5171', 'A5170', 'A5171', 'A5170', 'A5171', 'A5170', 'A5171', 'A5170', 'A5171', 'A5170', 'A5171', 'A5170', 'A5171', 'A5170', 'A5171', 'A5170', 'A5171', 'A5170', 'A5171', 'A5170', 'A5171', 'A5170', 'A5171', 'A5170']"
3,A5175,"['A5175', 'A5172', 'A5171', 'A5172', 'A5173', 'A5172', 'A5175', 'A5172', 'A5171', 'A5172', 'A5171', 'A5172', 'A5171', 'A5172', 'A5171', 'A5172', 'A5171', 'A5172', 'A5171', 'A5172', 'A5171', 'A5172', 'A5171', 'A5172', 'A5171', 'A5172', 'A5171', 'A5172', 'A5171', 'A5172', 'A5171', 'A5172', 'A5171', 'A5172', 'A5171', 'A5172', 'A5171', 'A5172', 'A5171', 'A5172', 'A5171', 'A5172', 'A5171', 'A5172', 'A5171', 'A5172', 'A5171', 'A5172', 'A5171', 'A5172', 'A5171', 'A5172', 'A5171', 'A5172', 'A5171', 'A5172', 'A5171', 'A5172', 'A5171', 'A5172', 'A5171', 'A5172', 'A5171', 'A5172', 'A5171', 'A5172', 'A5171', 'A5172', 'A5171', 'A5172', 'A5171', 'A5172', 'A5171', 'A5172', 'A5171', 'A5172', 'A5171', 'A5172', 'A5171', 'A5172', 'A5171', 'A5172', 'A5171', 'A5172', 'A5171', 'A5172', 'A5171', 'A5172', 'A5171', 'A5172', 'A5171', 'A5172', 'A5171', 'A5172', 'A5171', 'A5172', 'A5171', 'A5172', 'A5171', 'A5172', 'A5171', 'A5172', 'A5171', 'A5172', 'A5171', 'A5172', 'A5171', 'A5172', 'A5171', 'A5172', 'A5171', 'A5172', 'A5171', 'A5172', 'A5171', 'A5172', 'A5171', 'A5172', 'A5171', 'A5172', 'A5171', 'A5172', 'A5171', 'A5172', 'A5171', 'A5172', 'A5171', 'A5172', 'A5171', 'A5172', 'A5171', 'A5172', 'A5171', 'A5172', 'A5171', 'A5172', 'A5171', 'A5172', 'A5171', 'A5172', 'A5171', 'A5172', 'A5171', 'A5172', 'A5171', 'A5172', 'A5171', 'A5172', 'A5171', 'A5172', 'A5171', 'A5172', 'A5171', 'A5172', 'A5171', 'A5172', 'A5171', 'A5172', 'A5171', 'A5172', 'A5171', 'A5172', 'A5171', 'A5172', 'A5171', 'A5172', 'A5171', 'A5172', 'A5171', 'A5172', 'A5171', 'A5172', 'A5171', 'A5172', 'A5171', 'A5172', 'A5171', 'A5172', 'A5171', 'A5172', 'A5171', 'A5172', 'A5171', 'A5172', 'A5171', 'A5172', 'A5171', 'A5172', 'A5171', 'A5172', 'A5171', 'A5172', 'A5171', 'A5172', 'A5171', 'A5172', 'A5171', 'A5172', 'A5171', 'A5172', 'A5171', 'A5172', 'A5171', 'A5172', 'A5171', 'A5172', 'A5171', 'A5172', 'A5171', 'A5172', 'A5171', 'A5172', 'A5171', 'A5172', 'A5171', 'A5172', 'A5171', 'A5172', 'A5171', 'A5172', 'A5171', 'A5172', 'A5171', 'A5172', 'A5171', 'A5172', 'A5171', 'A5172', 'A5171', 'A5172', 'A5171', 'A5172', 'A5171', 'A5172', 'A5171', 'A5172', 'A5171', 'A5172', 'A5171', 'A5172', 'A5171', 'A5172', 'A5171', 'A5172', 'A5171', 'A5172', 'A5171', 'A5172', 'A5171', 'A5172', 'A5171', 'A5172', 'A5171', 'A5172', 'A5171', 'A5172', 'A5171', 'A5172', 'A5171', 'A5172', 'A5171', 'A5172', 'A5171', 'A5172', 'A5171', 'A5172', 'A5171', 'A5172', 'A5171', 'A5172', 'A5171', 'A5172', 'A5171', 'A5172', 'A5171', 'A5172', 'A5171', 'A5172', 'A5171', 'A5172', 'A5171', 'A5172', 'A5171', 'A5172', 'A5171', 'A5172', 'A5171', 'A5172', 'A5171', 'A5172', 'A5171', 'A5172', 'A5171', 'A5172', 'A5171', 'A5172', 'A5171', 'A5172', 'A5171', 'A5172', 'A5171', 'A5172', 'A5171', 'A5172', 'A5171', 'A5172', 'A5171', 'A5172', 'A5171', 'A5172', 'A5171', 'A5172', 'A5171', 'A5172', 'A5171', 'A5172', 'A5171', 'A5172', 'A5171', 'A5172', 'A5171', 'A5172', 'A5171', 'A5172', 'A5171', 'A5172', 'A5171', 'A5172', 'A5171', 'A5172', 'A5171', 'A5172', 'A5171', 'A5172', 'A5171', 'A5172', 'A5171', 'A5172', 'A5171', 'A5172', 'A5171', 'A5172', 'A5171', 'A5172', 'A5171', 'A5172', 'A5171', 'A5172', 'A5171', 'A5172', 'A5171', 'A5172', 'A5171', 'A5172', 'A5171', 'A5172', 'A5171', 'A5172', 'A5171', 'A5172', 'A5171', 'A5172', 'A5171', 'A5172', 'A5171', 'A5172', 'A5171', 'A5172', 'A5171', 'A5172', 'A5171', 'A5172', 'A5171', 'A5172', 'A5171', 'A5172', 'A5171', 'A5172', 'A5171', 'A5172', 'A5171', 'A5172', 'A5171', 'A5172', 'A5171', 'A5172', 'A5171', 'A5172', 'A5171', 'A5172', 'A5171', 'A5172', 'A5171', 'A5172', 'A5171', 'A5172', 'A5171', 'A5172', 'A5171', 'A5172', 'A5171', 'A5172', 'A5171', 'A5172', 'A5171', 'A5172', 'A5171', 'A5172', 'A5171', 'A5172', 'A5171', 'A5172', 'A5171', 'A5172', 'A5171', 'A5172', 'A5171', 'A5172', 'A5171', 'A5172', 'A5171', 'A5172', 'A5171', 'A5172', 'A5171', 'A5172', 'A5171', 'A5172', 'A5171', 'A5172', 'A5171', 'A5172', 'A5171', 'A5172', 'A5171', 'A5172', 'A5171', 'A5172', 'A5171', 'A5172', 'A5171', 'A5172', 'A5171', 'A5172', 'A5171', 'A5172', 'A5171', 'A5172', 'A5171', 'A5172', 'A5171', 'A5172', 'A5171', 'A5172', 'A5171', 'A5172', 'A5171', 'A5172', 'A5171', 'A5172', 'A5171', 'A5172', 'A5171', 'A5172', 'A5171', 'A5172', 'A5171', 'A5172', 'A5171', 'A5172', 'A5171', 'A5172', 'A5171', 'A5172', 'A5171', 'A5172', 'A5171', 'A5172', 'A5171', 'A5172', 'A5171', 'A5172', 'A5171', 'A5172', 'A5171', 'A5172', 'A5171', 'A5172', 'A5171', 'A5172', 'A5171', 'A5172', 'A5171', 'A5172', 'A5171', 'A5172', 'A5171', 'A5172', 'A5171', 'A5172']"
4,A5175,"['A5175', 'A5172', 'A5175', 'A5172', 'A5171', 'A5172', 'A5173', 'A5172', 'A5175', 'A5172', 'A5175', 'A5172', 'A5175', 'A5172', 'A5175', 'A5172', 'A5175', 'A5172', 'A5175', 'A5172', 'A5175', 'A5172', 'A5175', 'A5172', 'A5175', 'A5172', 'A5175', 'A5172', 'A5175', 'A5172', 'A5175', 'A5172', 'A5175', 'A5172', 'A5175', 'A5172', 'A5175', 'A5172', 'A5175', 'A5172', 'A5175', 'A5172', 'A5175', 'A5172', 'A5175', 'A5172', 'A5175', 'A5172', 'A5175', 'A5172', 'A5175', 'A5172', 'A5175', 'A5172', 'A5175', 'A5172', 'A5175', 'A5172', 'A5175', 'A5172', 'A5175', 'A5172', 'A5175', 'A5172', 'A5175', 'A5172', 'A5175', 'A5172', 'A5175', 'A5172', 'A5175', 'A5172', 'A5175', 'A5172', 'A5175', 'A5172', 'A5175', 'A5172', 'A5175', 'A5172', 'A5175', 'A5172', 'A5175', 'A5172', 'A5175', 'A5172', 'A5175', 'A5172', 'A5175', 'A5172', 'A5175', 'A5172', 'A5175', 'A5172', 'A5175', 'A5172', 'A5175', 'A5172', 'A5175', 'A5172', 'A5175', 'A5172', 'A5175', 'A5172', 'A5175', 'A5172', 'A5175', 'A5172', 'A5175', 'A5172', 'A5175', 'A5172', 'A5175', 'A5172', 'A5175', 'A5172', 'A5175', 'A5172', 'A5175', 'A5172', 'A5175', 'A5172', 'A5175', 'A5172', 'A5175', 'A5172', 'A5175', 'A5172', 'A5175', 'A5172', 'A5175', 'A5172', 'A5175', 'A5172', 'A5175', 'A5172', 'A5175', 'A5172', 'A5175', 'A5172', 'A5175', 'A5172', 'A5175', 'A5172', 'A5175', 'A5172', 'A5175', 'A5172', 'A5175', 'A5172', 'A5175', 'A5172', 'A5175', 'A5172', 'A5175', 'A5172', 'A5175', 'A5172', 'A5175', 'A5172', 'A5175', 'A5172', 'A5175', 'A5172', 'A5175', 'A5172', 'A5175', 'A5172', 'A5175', 'A5172', 'A5175', 'A5172', 'A5175', 'A5172', 'A5175', 'A5172', 'A5175', 'A5172', 'A5175', 'A5172', 'A5175', 'A5172', 'A5175', 'A5172', 'A5175', 'A5172', 'A5175', 'A5172', 'A5175', 'A5172', 'A5175', 'A5172', 'A5175', 'A5172', 'A5175', 'A5172', 'A5175', 'A5172', 'A5175', 'A5172', 'A5175', 'A5172', 'A5175', 'A5172', 'A5175', 'A5172', 'A5175', 'A5172', 'A5175', 'A5172', 'A5175', 'A5172', 'A5175', 'A5172', 'A5175', 'A5172', 'A5175', 'A5172', 'A5175', 'A5172', 'A5175', 'A5172', 'A5175', 'A5172', 'A5175', 'A5172', 'A5175', 'A5172', 'A5175', 'A5172', 'A5175', 'A5172', 'A5175', 'A5172', 'A5175', 'A5172', 'A5175', 'A5172', 'A5175', 'A5172', 'A5175', 'A5172', 'A5175', 'A5172', 'A5175', 'A5172', 'A5175', 'A5172', 'A5175', 'A5172', 'A5175', 'A5172', 'A5175', 'A5172', 'A5175', 'A5172', 'A5175', 'A5172', 'A5175', 'A5172', 'A5175', 'A5172', 'A5175', 'A5172', 'A5175', 'A5172', 'A5175', 'A5172', 'A5175', 'A5172', 'A5175', 'A5172', 'A5175', 'A5172', 'A5175', 'A5172', 'A5175', 'A5172', 'A5175', 'A5172', 'A5175', 'A5172', 'A5175', 'A5172', 'A5175', 'A5172', 'A5175', 'A5172', 'A5175', 'A5172', 'A5175', 'A5172', 'A5175', 'A5172', 'A5175', 'A5172', 'A5175', 'A5172', 'A5175', 'A5172', 'A5175', 'A5172', 'A5175', 'A5172', 'A5175', 'A5172', 'A5175', 'A5172', 'A5175', 'A5172', 'A5175', 'A5172', 'A5175', 'A5172', 'A5175', 'A5172', 'A5175', 'A5172', 'A5175', 'A5172', 'A5175', 'A5172', 'A5175', 'A5172', 'A5175', 'A5172', 'A5175', 'A5172', 'A5175', 'A5172', 'A5175', 'A5172', 'A5175', 'A5172', 'A5175', 'A5172', 'A5175', 'A5172', 'A5175', 'A5172', 'A5175', 'A5172', 'A5175', 'A5172', 'A5175', 'A5172', 'A5175', 'A5172', 'A5175', 'A5172', 'A5175', 'A5172', 'A5175', 'A5172', 'A5175', 'A5172', 'A5175', 'A5172', 'A5175', 'A5172', 'A5175', 'A5172', 'A5175', 'A5172', 'A5175', 'A5172', 'A5175', 'A5172', 'A5175', 'A5172', 'A5175', 'A5172', 'A5175', 'A5172', 'A5175', 'A5172', 'A5175', 'A5172', 'A5175', 'A5172', 'A5175', 'A5172', 'A5175', 'A5172', 'A5175', 'A5172', 'A5175', 'A5172', 'A5175', 'A5172', 'A5175', 'A5172', 'A5175', 'A5172', 'A5175', 'A5172', 'A5175', 'A5172', 'A5175', 'A5172', 'A5175', 'A5172', 'A5175', 'A5172', 'A5175', 'A5172', 'A5175', 'A5172', 'A5175', 'A5172', 'A5175', 'A5172', 'A5175', 'A5172', 'A5175', 'A5172', 'A5175', 'A5172', 'A5175', 'A5172', 'A5175', 'A5172', 'A5175', 'A5172', 'A5175', 'A5172', 'A5175', 'A5172', 'A5175', 'A5172', 'A5175', 'A5172', 'A5175', 'A5172', 'A5175', 'A5172', 'A5175', 'A5172', 'A5175', 'A5172', 'A5175', 'A5172', 'A5175', 'A5172', 'A5175', 'A5172', 'A5175', 'A5172', 'A5175', 'A5172', 'A5175', 'A5172', 'A5175', 'A5172', 'A5175', 'A5172', 'A5175', 'A5172', 'A5175', 'A5172', 'A5175', 'A5172', 'A5175', 'A5172', 'A5175', 'A5172', 'A5175', 'A5172', 'A5175', 'A5172', 'A5175', 'A5172', 'A5175', 'A5172', 'A5175', 'A5172', 'A5175', 'A5172', 'A5175', 'A5172', 'A5175', 'A5172', 'A5175', 'A5172', 'A5175', 'A5172', 'A5175', 'A5172', 'A5175', 'A5172', 'A5175', 'A5172', 'A5175', 'A5172', 'A5175', 'A5172', 'A5175', 'A5172', 'A5175', 'A5172']"
5,A5175,"['A5175', 'A5172', 'A5173', 'A5174', 'A5173', 'A5174', 'A5173', 'A5174', 'A5173', 'A5172', 'A5173', 'A5172', 'A5173', 'A5172', 'A5173', 'A5172', 'A5173', 'A5172', 'A5173', 'A5172', 'A5173', 'A5172', 'A5173', 'A5172', 'A5173', 'A5172', 'A5173', 'A5172', 'A5173', 'A5172', 'A5173', 'A5172', 'A5173', 'A5172', 'A5173', 'A5172', 'A5173', 'A5172', 'A5173', 'A5172', 'A5173', 'A5172', 'A5173', 'A5172', 'A5173', 'A5172', 'A5173', 'A5172', 'A5173', 'A5172', 'A5173', 'A5172', 'A5173', 'A5172', 'A5173', 'A5172', 'A5173', 'A5172', 'A5173', 'A5172', 'A5173', 'A5172', 'A5173', 'A5172', 'A5173', 'A5172', 'A5173', 'A5172', 'A5173', 'A5172', 'A5173', 'A5172', 'A5173', 'A5172', 'A5173', 'A5172', 'A5173', 'A5172', 'A5173', 'A5172', 'A5173', 'A5172', 'A5173', 'A5172', 'A5173', 'A5172', 'A5173', 'A5172', 'A5173', 'A5172', 'A5173', 'A5172', 'A5173', 'A5172', 'A5173', 'A5172', 'A5173', 'A5172', 'A5173', 'A5172', 'A5173', 'A5172', 'A5173', 'A5172', 'A5173', 'A5172', 'A5173', 'A5172', 'A5173', 'A5172', 'A5173', 'A5172', 'A5173', 'A5172', 'A5173', 'A5172', 'A5173', 'A5172', 'A5173', 'A5172', 'A5173', 'A5172', 'A5173', 'A5172', 'A5173', 'A5172', 'A5173', 'A5172', 'A5173', 'A5172', 'A5173', 'A5172', 'A5173', 'A5172', 'A5173', 'A5172', 'A5173', 'A5172', 'A5173', 'A5172', 'A5173', 'A5172', 'A5173', 'A5172', 'A5173', 'A5172', 'A5173', 'A5172', 'A5173', 'A5172', 'A5173', 'A5172', 'A5173', 'A5172', 'A5173', 'A5172', 'A5173', 'A5172', 'A5173', 'A5172', 'A5173', 'A5172', 'A5173', 'A5172', 'A5173', 'A5172', 'A5173', 'A5172', 'A5173', 'A5172', 'A5173', 'A5172', 'A5173', 'A5172', 'A5173', 'A5172', 'A5173', 'A5172', 'A5173', 'A5172', 'A5173', 'A5172', 'A5173', 'A5172', 'A5173', 'A5172', 'A5173', 'A5172', 'A5173', 'A5172', 'A5173', 'A5172', 'A5173', 'A5172', 'A5173', 'A5172', 'A5173', 'A5172', 'A5173', 'A5172', 'A5173', 'A5172', 'A5173', 'A5172', 'A5173', 'A5172', 'A5173', 'A5172', 'A5173', 'A5172', 'A5173', 'A5172', 'A5173', 'A5172', 'A5173', 'A5172', 'A5173', 'A5172', 'A5173', 'A5172', 'A5173', 'A5172', 'A5173', 'A5172', 'A5173', 'A5172', 'A5173', 'A5172', 'A5173', 'A5172', 'A5173', 'A5172', 'A5173', 'A5172', 'A5173', 'A5172', 'A5173', 'A5172', 'A5173', 'A5172', 'A5173', 'A5172', 'A5173', 'A5172', 'A5173', 'A5172', 'A5173', 'A5172', 'A5173', 'A5172', 'A5173', 'A5172', 'A5173', 'A5172', 'A5173', 'A5172', 'A5173', 'A5172', 'A5173', 'A5172', 'A5173', 'A5172', 'A5173', 'A5172', 'A5173', 'A5172', 'A5173', 'A5172', 'A5173', 'A5172', 'A5173', 'A5172', 'A5173', 'A5172', 'A5173', 'A5172', 'A5173', 'A5172', 'A5173', 'A5172', 'A5173', 'A5172', 'A5173', 'A5172', 'A5173', 'A5172', 'A5173', 'A5172', 'A5173', 'A5172', 'A5173', 'A5172', 'A5173', 'A5172', 'A5173', 'A5172', 'A5173', 'A5172', 'A5173', 'A5172', 'A5173', 'A5172', 'A5173', 'A5172', 'A5173', 'A5172', 'A5173', 'A5172', 'A5173', 'A5172', 'A5173', 'A5172', 'A5173', 'A5172', 'A5173', 'A5172', 'A5173', 'A5172', 'A5173', 'A5172', 'A5173', 'A5172', 'A5173', 'A5172', 'A5173', 'A5172', 'A5173', 'A5172', 'A5173', 'A5172', 'A5173', 'A5172', 'A5173', 'A5172', 'A5173', 'A5172', 'A5173', 'A5172', 'A5173', 'A5172', 'A5173', 'A5172', 'A5173', 'A5172', 'A5173', 'A5172', 'A5173', 'A5172', 'A5173', 'A5172', 'A5173', 'A5172', 'A5173', 'A5172', 'A5173', 'A5172', 'A5173', 'A5172', 'A5173', 'A5172', 'A5173', 'A5172', 'A5173', 'A5172', 'A5173', 'A5172', 'A5173', 'A5172', 'A5173', 'A5172', 'A5173', 'A5172', 'A5173', 'A5172', 'A5173', 'A5172', 'A5173', 'A5172', 'A5173', 'A5172', 'A5173', 'A5172', 'A5173', 'A5172', 'A5173', 'A5172', 'A5173', 'A5172', 'A5173', 'A5172', 'A5173', 'A5172', 'A5173', 'A5172', 'A5173', 'A5172', 'A5173', 'A5172', 'A5173', 'A5172', 'A5173', 'A5172', 'A5173', 'A5172', 'A5173', 'A5172', 'A5173', 'A5172', 'A5173', 'A5172', 'A5173', 'A5172', 'A5173', 'A5172', 'A5173', 'A5172', 'A5173', 'A5172', 'A5173', 'A5172', 'A5173', 'A5172', 'A5173', 'A5172', 'A5173', 'A5172', 'A5173', 'A5172', 'A5173', 'A5172', 'A5173', 'A5172', 'A5173', 'A5172', 'A5173', 'A5172', 'A5173', 'A5172', 'A5173', 'A5172', 'A5173', 'A5172', 'A5173', 'A5172', 'A5173', 'A5172', 'A5173', 'A5172', 'A5173', 'A5172', 'A5173', 'A5172', 'A5173', 'A5172', 'A5173', 'A5172', 'A5173', 'A5172', 'A5173', 'A5172', 'A5173', 'A5172', 'A5173', 'A5172', 'A5173', 'A5172', 'A5173', 'A5172', 'A5173', 'A5172', 'A5173', 'A5172', 'A5173', 'A5172', 'A5173', 'A5172', 'A5173', 'A5172', 'A5173', 'A5172', 'A5173', 'A5172', 'A5173', 'A5172', 'A5173', 'A5172', 'A5173', 'A5172', 'A5173', 'A5172', 'A5173', 'A5172', 'A5173', 'A5172', 'A5173', 'A5172', 'A5173', 'A5172', 'A5173', 'A5172']"
6,A5175,"['A5175', 'A5172', 'A5171', 'A5170', 'A5171', 'A5170', 'A5171', 'A5172', 'A5173', 'A5174', 'A5173', 'A5174', 'A5173', 'A5174', 'A5173', 'A5174', 'A5173', 'A5174', 'A5173', 'A5174', 'A5173', 'A5174', 'A5173', 'A5174', 'A5173', 'A5174', 'A5173', 'A5174', 'A5173', 'A5174', 'A5173', 'A5174', 'A5173', 'A5174', 'A5173', 'A5174', 'A5173', 'A5174', 'A5173', 'A5174', 'A5173', 'A5174', 'A5173', 'A5174', 'A5173', 'A5174', 'A5173', 'A5174', 'A5173', 'A5174', 'A5173', 'A5174', 'A5173', 'A5174', 'A5173', 'A5174', 'A5173', 'A5174', 'A5173', 'A5174', 'A5173', 'A5174', 'A5173', 'A5174', 'A5173', 'A5174', 'A5173', 'A5174', 'A5173', 'A5174', 'A5173', 'A5174', 'A5173', 'A5174', 'A5173', 'A5174', 'A5173', 'A5174', 'A5173', 'A5174', 'A5173', 'A5174', 'A5173', 'A5174', 'A5173', 'A5174', 'A5173', 'A5174', 'A5173', 'A5174', 'A5173', 'A5174', 'A5173', 'A5174', 'A5173', 'A5174', 'A5173', 'A5174', 'A5173', 'A5174', 'A5173', 'A5174', 'A5173', 'A5174', 'A5173', 'A5174', 'A5173', 'A5174', 'A5173', 'A5174', 'A5173', 'A5174', 'A5173', 'A5174', 'A5173', 'A5174', 'A5173', 'A5174', 'A5173', 'A5174', 'A5173', 'A5174', 'A5173', 'A5174', 'A5173', 'A5174', 'A5173', 'A5174', 'A5173', 'A5174', 'A5173', 'A5174', 'A5173', 'A5174', 'A5173', 'A5174', 'A5173', 'A5174', 'A5173', 'A5174', 'A5173', 'A5174', 'A5173', 'A5174', 'A5173', 'A5174', 'A5173', 'A5174', 'A5173', 'A5174', 'A5173', 'A5174', 'A5173', 'A5174', 'A5173', 'A5174', 'A5173', 'A5174', 'A5173', 'A5174', 'A5173', 'A5174', 'A5173', 'A5174', 'A5173', 'A5174', 'A5173', 'A5174', 'A5173', 'A5174', 'A5173', 'A5174', 'A5173', 'A5174', 'A5173', 'A5174', 'A5173', 'A5174', 'A5173', 'A5174', 'A5173', 'A5174', 'A5173', 'A5174', 'A5173', 'A5174', 'A5173', 'A5174', 'A5173', 'A5174', 'A5173', 'A5174', 'A5173', 'A5174', 'A5173', 'A5174', 'A5173', 'A5174', 'A5173', 'A5174', 'A5173', 'A5174', 'A5173', 'A5174', 'A5173', 'A5174', 'A5173', 'A5174', 'A5173', 'A5174', 'A5173', 'A5174', 'A5173', 'A5174', 'A5173', 'A5174', 'A5173', 'A5174', 'A5173', 'A5174', 'A5173', 'A5174', 'A5173', 'A5174', 'A5173', 'A5174', 'A5173', 'A5174', 'A5173', 'A5174', 'A5173', 'A5174', 'A5173', 'A5174', 'A5173', 'A5174', 'A5173', 'A5174', 'A5173', 'A5174', 'A5173', 'A5174', 'A5173', 'A5174', 'A5173', 'A5174', 'A5173', 'A5174', 'A5173', 'A5174', 'A5173', 'A5174', 'A5173', 'A5174', 'A5173', 'A5174', 'A5173', 'A5174', 'A5173', 'A5174', 'A5173', 'A5174', 'A5173', 'A5174', 'A5173', 'A5174', 'A5173', 'A5174', 'A5173', 'A5174', 'A5173', 'A5174', 'A5173', 'A5174', 'A5173', 'A5174', 'A5173', 'A5174', 'A5173', 'A5174', 'A5173', 'A5174', 'A5173', 'A5174', 'A5173', 'A5174', 'A5173', 'A5174', 'A5173', 'A5174', 'A5173', 'A5174', 'A5173', 'A5174', 'A5173', 'A5174', 'A5173', 'A5174', 'A5173', 'A5174', 'A5173', 'A5174', 'A5173', 'A5174', 'A5173', 'A5174', 'A5173', 'A5174', 'A5173', 'A5174', 'A5173', 'A5174', 'A5173', 'A5174', 'A5173', 'A5174', 'A5173', 'A5174', 'A5173', 'A5174', 'A5173', 'A5174', 'A5173', 'A5174', 'A5173', 'A5174', 'A5173', 'A5174', 'A5173', 'A5174', 'A5173', 'A5174', 'A5173', 'A5174', 'A5173', 'A5174', 'A5173', 'A5174', 'A5173', 'A5174', 'A5173', 'A5174', 'A5173', 'A5174', 'A5173', 'A5174', 'A5173', 'A5174', 'A5173', 'A5174', 'A5173', 'A5174', 'A5173', 'A5174', 'A5173', 'A5174', 'A5173', 'A5174', 'A5173', 'A5174', 'A5173', 'A5174', 'A5173', 'A5174', 'A5173', 'A5174', 'A5173', 'A5174', 'A5173', 'A5174', 'A5173', 'A5174', 'A5173', 'A5174', 'A5173', 'A5174', 'A5173', 'A5174', 'A5173', 'A5174', 'A5173', 'A5174', 'A5173', 'A5174', 'A5173', 'A5174', 'A5173', 'A5174', 'A5173', 'A5174', 'A5173', 'A5174', 'A5173', 'A5174', 'A5173', 'A5174', 'A5173', 'A5174', 'A5173', 'A5174', 'A5173', 'A5174', 'A5173', 'A5174', 'A5173', 'A5174', 'A5173', 'A5174', 'A5173', 'A5174', 'A5173', 'A5174', 'A5173', 'A5174', 'A5173', 'A5174', 'A5173', 'A5174', 'A5173', 'A5174', 'A5173', 'A5174', 'A5173', 'A5174', 'A5173', 'A5174', 'A5173', 'A5174', 'A5173', 'A5174', 'A5173', 'A5174', 'A5173', 'A5174', 'A5173', 'A5174', 'A5173', 'A5174', 'A5173', 'A5174', 'A5173', 'A5174', 'A5173', 'A5174', 'A5173', 'A5174', 'A5173', 'A5174', 'A5173', 'A5174', 'A5173', 'A5174', 'A5173', 'A5174', 'A5173', 'A5174', 'A5173', 'A5174', 'A5173', 'A5174', 'A5173', 'A5174', 'A5173', 'A5174', 'A5173', 'A5174', 'A5173', 'A5174', 'A5173', 'A5174', 'A5173', 'A5174', 'A5173', 'A5174', 'A5173', 'A5174', 'A5173', 'A5174', 'A5173', 'A5174', 'A5173', 'A5174', 'A5173', 'A5174', 'A5173', 'A5174', 'A5173', 'A5174', 'A5173', 'A5174', 'A5173', 'A5174', 'A5173', 'A5174', 'A5173', 'A5174', 'A5173', 'A5174', 'A5173', 'A5174']"
7,A5175,"['A5175', 'A5172', 'A5175', 'A5172', 'A5175', 'A5172', 'A5171', 'A5170', 'A5168', 'A5900', 'A5176', 'A5706', 'A5177', 'A5705', 'A5179', 'A5159', 'A5163', 'A5217', 'A5216', 'A5218', 'A5221', 'A5222', 'A5229', 'A5703', 'A5230', 'A5231', 'A5232', 'A5233', 'A5234', 'A5227', 'A5214', 'A5215', 'A5218', 'A5216', 'A5220', 'A5223', 'A5222', 'A5221', 'A5218', 'A5215', 'A5214', 'A5227', 'A5214', 'A5227', 'A5214', 'A5227', 'A5214', 'A5227', 'A5214', 'A5227', 'A5214', 'A5227', 'A5214', 'A5227', 'A5214', 'A5227', 'A5214', 'A5227', 'A5214', 'A5227', 'A5214', 'A5227', 'A5214', 'A5227', 'A5214', 'A5227', 'A5214', 'A5227', 'A5214', 'A5227', 'A5214', 'A5227', 'A5214', 'A5227', 'A5214', 'A5227', 'A5214', 'A5227', 'A5214', 'A5227', 'A5214', 'A5227', 'A5214', 'A5227', 'A5214', 'A5227', 'A5214', 'A5227', 'A5214', 'A5227', 'A5214', 'A5227', 'A5214', 'A5227', 'A5214', 'A5227', 'A5214', 'A5227', 'A5214', 'A5227', 'A5214', 'A5227', 'A5214', 'A5227', 'A5214', 'A5227', 'A5214', 'A5227', 'A5214', 'A5227', 'A5214', 'A5227', 'A5214', 'A5227', 'A5214', 'A5227', 'A5214', 'A5227', 'A5214', 'A5227', 'A5214', 'A5227', 'A5214', 'A5227', 'A5214', 'A5227', 'A5214', 'A5227', 'A5214', 'A5227', 'A5214', 'A5227', 'A5214', 'A5227', 'A5214', 'A5227', 'A5214', 'A5227', 'A5214', 'A5227', 'A5214', 'A5227', 'A5214', 'A5227', 'A5214', 'A5227', 'A5214', 'A5227', 'A5214', 'A5227', 'A5214', 'A5227', 'A5214', 'A5227', 'A5214', 'A5227', 'A5214', 'A5227', 'A5214', 'A5227', 'A5214', 'A5227', 'A5214', 'A5227', 'A5214', 'A5227', 'A5214', 'A5227', 'A5214', 'A5227', 'A5214', 'A5227', 'A5214', 'A5227', 'A5214', 'A5227', 'A5214', 'A5227', 'A5214', 'A5227', 'A5214', 'A5227', 'A5214', 'A5227', 'A5214', 'A5227', 'A5214', 'A5227', 'A5214', 'A5227', 'A5214', 'A5227', 'A5214', 'A5227', 'A5214', 'A5227', 'A5214', 'A5227', 'A5214', 'A5227', 'A5214', 'A5227', 'A5214', 'A5227', 'A5214', 'A5227', 'A5214', 'A5227', 'A5214', 'A5227', 'A5214', 'A5227', 'A5214', 'A5227', 'A5214', 'A5227', 'A5214', 'A5227', 'A5214', 'A5227', 'A5214', 'A5227', 'A5214', 'A5227', 'A5214', 'A5227', 'A5214', 'A5227', 'A5214', 'A5227', 'A5214', 'A5227', 'A5214', 'A5227', 'A5214', 'A5227', 'A5214', 'A5227', 'A5214', 'A5227', 'A5214', 'A5227', 'A5214', 'A5227', 'A5214', 'A5227', 'A5214', 'A5227', 'A5214', 'A5227', 'A5214', 'A5227', 'A5214', 'A5227', 'A5214', 'A5227', 'A5214', 'A5227', 'A5214', 'A5227', 'A5214', 'A5227', 'A5214', 'A5227', 'A5214', 'A5227', 'A5214', 'A5227', 'A5214', 'A5227', 'A5214', 'A5227', 'A5214', 'A5227', 'A5214', 'A5227', 'A5214', 'A5227', 'A5214', 'A5227', 'A5214', 'A5227', 'A5214', 'A5227', 'A5214', 'A5227', 'A5214', 'A5227', 'A5214', 'A5227', 'A5214', 'A5227', 'A5214', 'A5227', 'A5214', 'A5227', 'A5214', 'A5227', 'A5214', 'A5227', 'A5214', 'A5227', 'A5214', 'A5227', 'A5214', 'A5227', 'A5214', 'A5227', 'A5214', 'A5227', 'A5214', 'A5227', 'A5214', 'A5227', 'A5214', 'A5227', 'A5214', 'A5227', 'A5214', 'A5227', 'A5214', 'A5227', 'A5214', 'A5227', 'A5214', 'A5227', 'A5214', 'A5227', 'A5214', 'A5227', 'A5214', 'A5227', 'A5214', 'A5227', 'A5214', 'A5227', 'A5214', 'A5227', 'A5214', 'A5227', 'A5214', 'A5227', 'A5214', 'A5227', 'A5214', 'A5227', 'A5214', 'A5227', 'A5214', 'A5227', 'A5214', 'A5227', 'A5214', 'A5227', 'A5214', 'A5227', 'A5214', 'A5227', 'A5214', 'A5227', 'A5214', 'A5227', 'A5214', 'A5227', 'A5214', 'A5227', 'A5214', 'A5227', 'A5214', 'A5227', 'A5214', 'A5227', 'A5214', 'A5227', 'A5214', 'A5227', 'A5214', 'A5227', 'A5214', 'A5227', 'A5214', 'A5227', 'A5214', 'A5227', 'A5214', 'A5227', 'A5214', 'A5227', 'A5214', 'A5227', 'A5214', 'A5227', 'A5214', 'A5227', 'A5214', 'A5227', 'A5214', 'A5227', 'A5214', 'A5227', 'A5214', 'A5227', 'A5214', 'A5227', 'A5214', 'A5227', 'A5214', 'A5227', 'A5214', 'A5227', 'A5214', 'A5227', 'A5214', 'A5227', 'A5214', 'A5227', 'A5214', 'A5227', 'A5214', 'A5227', 'A5214', 'A5227', 'A5214', 'A5227', 'A5214', 'A5227', 'A5214', 'A5227', 'A5214', 'A5227', 'A5214', 'A5227', 'A5214', 'A5227', 'A5214', 'A5227', 'A5214', 'A5227', 'A5214', 'A5227', 'A5214', 'A5227', 'A5214', 'A5227', 'A5214', 'A5227', 'A5214', 'A5227', 'A5214', 'A5227', 'A5214', 'A5227', 'A5214', 'A5227', 'A5214', 'A5227', 'A5214', 'A5227', 'A5214', 'A5227', 'A5214', 'A5227', 'A5214', 'A5227', 'A5214', 'A5227', 'A5214', 'A5227', 'A5214', 'A5227', 'A5214', 'A5227', 'A5214', 'A5227', 'A5214', 'A5227', 'A5214', 'A5227', 'A5214', 'A5227', 'A5214', 'A5227', 'A5214', 'A5227', 'A5214', 'A5227', 'A5214', 'A5227', 'A5214', 'A5227', 'A5214', 'A5227', 'A5214', 'A5227', 'A5214', 'A5227', 'A5214', 'A5227', 'A5214', 'A5227']"
8,A5175,"['A5175', 'A5172', 'A5173', 'A5172', 'A5173', 'A5172', 'A5175', 'A5172', 'A5171', 'A5170', 'A5168', 'A5900', 'A5176', 'A5706', 'A5177', 'A5705', 'A5179', 'A5159', 'A5163', 'A5217', 'A5216', 'A5218', 'A5221', 'A5222', 'A5229', 'A5703', 'A5230', 'A5231', 'A5232', 'A5233', 'A5234', 'A5227', 'A5214', 'A5215', 'A5218', 'A5215', 'A5214', 'A5227', 'A5214', 'A5227', 'A5214', 'A5215', 'A5214', 'A5215', 'A5214', 'A5215', 'A5214', 'A5215', 'A5214', 'A5215', 'A5214', 'A5215', 'A5214', 'A5215', 'A5214', 'A5215', 'A5214', 'A5215', 'A5214', 'A5215', 'A5214', 'A5215', 'A5214', 'A5215', 'A5214', 'A5215', 'A5214', 'A5215', 'A5214', 'A5215', 'A5214', 'A5215', 'A5214', 'A5215', 'A5214', 'A5215', 'A5214', 'A5215', 'A5214', 'A5215', 'A5214', 'A5215', 'A5214', 'A5215', 'A5214', 'A5215', 'A5214', 'A5215', 'A5214', 'A5215', 'A5214', 'A5215', 'A5214', 'A5215', 'A5214', 'A5215', 'A5214', 'A5215', 'A5214', 'A5215', 'A5214', 'A5215', 'A5214', 'A5215', 'A5214', 'A5215', 'A5214', 'A5215', 'A5214', 'A5215', 'A5214', 'A5215', 'A5214', 'A5215', 'A5214', 'A5215', 'A5214', 'A5215', 'A5214', 'A5215', 'A5214', 'A5215', 'A5214', 'A5215', 'A5214', 'A5215', 'A5214', 'A5215', 'A5214', 'A5215', 'A5214', 'A5215', 'A5214', 'A5215', 'A5214', 'A5215', 'A5214', 'A5215', 'A5214', 'A5215', 'A5214', 'A5215', 'A5214', 'A5215', 'A5214', 'A5215', 'A5214', 'A5215', 'A5214', 'A5215', 'A5214', 'A5215', 'A5214', 'A5215', 'A5214', 'A5215', 'A5214', 'A5215', 'A5214', 'A5215', 'A5214', 'A5215', 'A5214', 'A5215', 'A5214', 'A5215', 'A5214', 'A5215', 'A5214', 'A5215', 'A5214', 'A5215', 'A5214', 'A5215', 'A5214', 'A5215', 'A5214', 'A5215', 'A5214', 'A5215', 'A5214', 'A5215', 'A5214', 'A5215', 'A5214', 'A5215', 'A5214', 'A5215', 'A5214', 'A5215', 'A5214', 'A5215', 'A5214', 'A5215', 'A5214', 'A5215', 'A5214', 'A5215', 'A5214', 'A5215', 'A5214', 'A5215', 'A5214', 'A5215', 'A5214', 'A5215', 'A5214', 'A5215', 'A5214', 'A5215', 'A5214', 'A5215', 'A5214', 'A5215', 'A5214', 'A5215', 'A5214', 'A5215', 'A5214', 'A5215', 'A5214', 'A5215', 'A5214', 'A5215', 'A5214', 'A5215', 'A5214', 'A5215', 'A5214', 'A5215', 'A5214', 'A5215', 'A5214', 'A5215', 'A5214', 'A5215', 'A5214', 'A5215', 'A5214', 'A5215', 'A5214', 'A5215', 'A5214', 'A5215', 'A5214', 'A5215', 'A5214', 'A5215', 'A5214', 'A5215', 'A5214', 'A5215', 'A5214', 'A5215', 'A5214', 'A5215', 'A5214', 'A5215', 'A5214', 'A5215', 'A5214', 'A5215', 'A5214', 'A5215', 'A5214', 'A5215', 'A5214', 'A5215', 'A5214', 'A5215', 'A5214', 'A5215', 'A5214', 'A5215', 'A5214', 'A5215', 'A5214', 'A5215', 'A5214', 'A5215', 'A5214', 'A5215', 'A5214', 'A5215', 'A5214', 'A5215', 'A5214', 'A5215', 'A5214', 'A5215', 'A5214', 'A5215', 'A5214', 'A5215', 'A5214', 'A5215', 'A5214', 'A5215', 'A5214', 'A5215', 'A5214', 'A5215', 'A5214', 'A5215', 'A5214', 'A5215', 'A5214', 'A5215', 'A5214', 'A5215', 'A5214', 'A5215', 'A5214', 'A5215', 'A5214', 'A5215', 'A5214', 'A5215', 'A5214', 'A5215', 'A5214', 'A5215', 'A5214', 'A5215', 'A5214', 'A5215', 'A5214', 'A5215', 'A5214', 'A5215', 'A5214', 'A5215', 'A5214', 'A5215', 'A5214', 'A5215', 'A5214', 'A5215', 'A5214', 'A5215', 'A5214', 'A5215', 'A5214', 'A5215', 'A5214', 'A5215', 'A5214', 'A5215', 'A5214', 'A5215', 'A5214', 'A5215', 'A5214', 'A5215', 'A5214', 'A5215', 'A5214', 'A5215', 'A5214', 'A5215', 'A5214', 'A5215', 'A5214', 'A5215', 'A5214', 'A5215', 'A5214', 'A5215', 'A5214', 'A5215', 'A5214', 'A5215', 'A5214', 'A5215', 'A5214', 'A5215', 'A5214', 'A5215', 'A5214', 'A5215', 'A5214', 'A5215', 'A5214', 'A5215', 'A5214', 'A5215', 'A5214', 'A5215', 'A5214', 'A5215', 'A5214', 'A5215', 'A5214', 'A5215', 'A5214', 'A5215', 'A5214', 'A5215', 'A5214', 'A5215', 'A5214', 'A5215', 'A5214', 'A5215', 'A5214', 'A5215', 'A5214', 'A5215', 'A5214', 'A5215', 'A5214', 'A5215', 'A5214', 'A5215', 'A5214', 'A5215', 'A5214', 'A5215', 'A5214', 'A5215', 'A5214', 'A5215', 'A5214', 'A5215', 'A5214', 'A5215', 'A5214', 'A5215', 'A5214', 'A5215', 'A5214', 'A5215', 'A5214', 'A5215', 'A5214', 'A5215', 'A5214', 'A5215', 'A5214', 'A5215', 'A5214', 'A5215', 'A5214', 'A5215', 'A5214', 'A5215', 'A5214', 'A5215', 'A5214', 'A5215', 'A5214', 'A5215', 'A5214', 'A5215', 'A5214', 'A5215', 'A5214', 'A5215', 'A5214', 'A5215', 'A5214', 'A5215', 'A5214', 'A5215', 'A5214', 'A5215', 'A5214', 'A5215', 'A5214', 'A5215', 'A5214', 'A5215', 'A5214', 'A5215', 'A5214', 'A5215', 'A5214', 'A5215', 'A5214', 'A5215', 'A5214', 'A5215', 'A5214', 'A5215', 'A5214', 'A5215', 'A5214', 'A5215', 'A5214', 'A5215', 'A5214', 'A5215', 'A5214', 'A5215', 'A5214', 'A5215', 'A5214', 'A5215', 'A5214', 'A5215']"
9,A5175,"['A5175', 'A5172', 'A5171', 'A5172', 'A5171', 'A5172', 'A5173', 'A5172', 'A5175', 'A5172', 'A5171', 'A5170', 'A5168', 'A5900', 'A5176', 'A5706', 'A5177', 'A5705', 'A5179', 'A5159', 'A5163', 'A5217', 'A5216', 'A5218', 'A5221', 'A5222', 'A5229', 'A5703', 'A5230', 'A5231', 'A5232', 'A5233', 'A5234', 'A5227', 'A5214', 'A5215', 'A5218', 'A5215', 'A5214', 'A5215', 'A5218', 'A5215', 'A5218', 'A5215', 'A5218', 'A5215', 'A5218', 'A5215', 'A5218', 'A5215', 'A5218', 'A5215', 'A5218', 'A5215', 'A5218', 'A5215', 'A5218', 'A5215', 'A5218', 'A5215', 'A5218', 'A5215', 'A5218', 'A5215', 'A5218', 'A5215', 'A5218', 'A5215', 'A5218', 'A5215', 'A5218', 'A5215', 'A5218', 'A5215', 'A5218', 'A5215', 'A5218', 'A5215', 'A5218', 'A5215', 'A5218', 'A5215', 'A5218', 'A5215', 'A5218', 'A5215', 'A5218', 'A5215', 'A5218', 'A5215', 'A5218', 'A5215', 'A5218', 'A5215', 'A5218', 'A5215', 'A5218', 'A5215', 'A5218', 'A5215', 'A5218', 'A5215', 'A5218', 'A5215', 'A5218', 'A5215', 'A5218', 'A5215', 'A5218', 'A5215', 'A5218', 'A5215', 'A5218', 'A5215', 'A5218', 'A5215', 'A5218', 'A5215', 'A5218', 'A5215', 'A5218', 'A5215', 'A5218', 'A5215', 'A5218', 'A5215', 'A5218', 'A5215', 'A5218', 'A5215', 'A5218', 'A5215', 'A5218', 'A5215', 'A5218', 'A5215', 'A5218', 'A5215', 'A5218', 'A5215', 'A5218', 'A5215', 'A5218', 'A5215', 'A5218', 'A5215', 'A5218', 'A5215', 'A5218', 'A5215', 'A5218', 'A5215', 'A5218', 'A5215', 'A5218', 'A5215', 'A5218', 'A5215', 'A5218', 'A5215', 'A5218', 'A5215', 'A5218', 'A5215', 'A5218', 'A5215', 'A5218', 'A5215', 'A5218', 'A5215', 'A5218', 'A5215', 'A5218', 'A5215', 'A5218', 'A5215', 'A5218', 'A5215', 'A5218', 'A5215', 'A5218', 'A5215', 'A5218', 'A5215', 'A5218', 'A5215', 'A5218', 'A5215', 'A5218', 'A5215', 'A5218', 'A5215', 'A5218', 'A5215', 'A5218', 'A5215', 'A5218', 'A5215', 'A5218', 'A5215', 'A5218', 'A5215', 'A5218', 'A5215', 'A5218', 'A5215', 'A5218', 'A5215', 'A5218', 'A5215', 'A5218', 'A5215', 'A5218', 'A5215', 'A5218', 'A5215', 'A5218', 'A5215', 'A5218', 'A5215', 'A5218', 'A5215', 'A5218', 'A5215', 'A5218', 'A5215', 'A5218', 'A5215', 'A5218', 'A5215', 'A5218', 'A5215', 'A5218', 'A5215', 'A5218', 'A5215', 'A5218', 'A5215', 'A5218', 'A5215', 'A5218', 'A5215', 'A5218', 'A5215', 'A5218', 'A5215', 'A5218', 'A5215', 'A5218', 'A5215', 'A5218', 'A5215', 'A5218', 'A5215', 'A5218', 'A5215', 'A5218', 'A5215', 'A5218', 'A5215', 'A5218', 'A5215', 'A5218', 'A5215', 'A5218', 'A5215', 'A5218', 'A5215', 'A5218', 'A5215', 'A5218', 'A5215', 'A5218', 'A5215', 'A5218', 'A5215', 'A5218', 'A5215', 'A5218', 'A5215', 'A5218', 'A5215', 'A5218', 'A5215', 'A5218', 'A5215', 'A5218', 'A5215', 'A5218', 'A5215', 'A5218', 'A5215', 'A5218', 'A5215', 'A5218', 'A5215', 'A5218', 'A5215', 'A5218', 'A5215', 'A5218', 'A5215', 'A5218', 'A5215', 'A5218', 'A5215', 'A5218', 'A5215', 'A5218', 'A5215', 'A5218', 'A5215', 'A5218', 'A5215', 'A5218', 'A5215', 'A5218', 'A5215', 'A5218', 'A5215', 'A5218', 'A5215', 'A5218', 'A5215', 'A5218', 'A5215', 'A5218', 'A5215', 'A5218', 'A5215', 'A5218', 'A5215', 'A5218', 'A5215', 'A5218', 'A5215', 'A5218', 'A5215', 'A5218', 'A5215', 'A5218', 'A5215', 'A5218', 'A5215', 'A5218', 'A5215', 'A5218', 'A5215', 'A5218', 'A5215', 'A5218', 'A5215', 'A5218', 'A5215', 'A5218', 'A5215', 'A5218', 'A5215', 'A5218', 'A5215', 'A5218', 'A5215', 'A5218', 'A5215', 'A5218', 'A5215', 'A5218', 'A5215', 'A5218', 'A5215', 'A5218', 'A5215', 'A5218', 'A5215', 'A5218', 'A5215', 'A5218', 'A5215', 'A5218', 'A5215', 'A5218', 'A5215', 'A5218', 'A5215', 'A5218', 'A5215', 'A5218', 'A5215', 'A5218', 'A5215', 'A5218', 'A5215', 'A5218', 'A5215', 'A5218', 'A5215', 'A5218', 'A5215', 'A5218', 'A5215', 'A5218', 'A5215', 'A5218', 'A5215', 'A5218', 'A5215', 'A5218', 'A5215', 'A5218', 'A5215', 'A5218', 'A5215', 'A5218', 'A5215', 'A5218', 'A5215', 'A5218', 'A5215', 'A5218', 'A5215', 'A5218', 'A5215', 'A5218', 'A5215', 'A5218', 'A5215', 'A5218', 'A5215', 'A5218', 'A5215', 'A5218', 'A5215', 'A5218', 'A5215', 'A5218', 'A5215', 'A5218', 'A5215', 'A5218', 'A5215', 'A5218', 'A5215', 'A5218', 'A5215', 'A5218', 'A5215', 'A5218', 'A5215', 'A5218', 'A5215', 'A5218', 'A5215', 'A5218', 'A5215', 'A5218', 'A5215', 'A5218', 'A5215', 'A5218', 'A5215', 'A5218', 'A5215', 'A5218', 'A5215', 'A5218', 'A5215', 'A5218', 'A5215', 'A5218', 'A5215', 'A5218', 'A5215', 'A5218', 'A5215', 'A5218', 'A5215', 'A5218', 'A5215', 'A5218', 'A5215', 'A5218', 'A5215', 'A5218', 'A5215', 'A5218', 'A5215', 'A5218', 'A5215', 'A5218', 'A5215', 'A5218', 'A5215', 'A5218', 'A5215', 'A5218', 'A5215', 'A5218', 'A5215', 'A5218', 'A5215']"
10,A5175,"['A5175', 'A5172', 'A5175', 'A5172', 'A5175', 'A5172', 'A5171', 'A5172', 'A5173', 'A5172', 'A5175', 'A5172', 'A5171', 'A5170', 'A5168', 'A5900', 'A5176', 'A5706', 'A5177', 'A5705', 'A5179', 'A5159', 'A5163', 'A5217', 'A5216', 'A5218', 'A5221', 'A5222', 'A5229', 'A5703', 'A5230', 'A5231', 'A5232', 'A5233', 'A5234', 'A5227', 'A5214', 'A5215', 'A5218', 'A5216', 'A5220', 'A5223', 'A5222', 'A5221', 'A5218', 'A5216', 'A5220', 'A5223', 'A5222', 'A5221', 'A5218', 'A5216', 'A5220', 'A5223', 'A5222', 'A5221', 'A5218', 'A5216', 'A5220', 'A5223', 'A5222', 'A5221', 'A5218', 'A5216', 'A5220', 'A5223', 'A5222', 'A5221', 'A5218', 'A5216', 'A5220', 'A5223', 'A5222', 'A5221', 'A5218', 'A5216', 'A5220', 'A5223', 'A5222', 'A5221', 'A5218', 'A5216', 'A5220', 'A5223', 'A5222', 'A5221', 'A5218', 'A5216', 'A5218', 'A5216', 'A5220', 'A5223', 'A5222', 'A5221', 'A5218', 'A5216', 'A5220', 'A5223', 'A5222', 'A5221', 'A5218', 'A5216', 'A5220', 'A5223', 'A5222', 'A5221', 'A5218', 'A5216', 'A5220', 'A5223', 'A5222', 'A5221', 'A5218', 'A5216', 'A5220', 'A5223', 'A5222', 'A5221', 'A5218', 'A5216', 'A5220', 'A5223', 'A5222', 'A5221', 'A5218', 'A5216', 'A5220', 'A5223', 'A5222', 'A5221', 'A5218', 'A5216', 'A5220', 'A5223', 'A5222', 'A5221', 'A5218', 'A5216', 'A5220', 'A5223', 'A5222', 'A5221', 'A5218', 'A5216', 'A5220', 'A5223', 'A5222', 'A5221', 'A5218', 'A5216', 'A5220', 'A5223', 'A5222', 'A5221', 'A5218', 'A5216', 'A5220', 'A5223', 'A5222', 'A5221', 'A5218', 'A5216', 'A5220', 'A5223', 'A5222', 'A5221', 'A5218', 'A5216', 'A5220', 'A5223', 'A5222', 'A5221', 'A5218', 'A5216', 'A5220', 'A5223', 'A5222', 'A5221', 'A5218', 'A5216', 'A5220', 'A5223', 'A5222', 'A5221', 'A5218', 'A5216', 'A5220', 'A5223', 'A5222', 'A5221', 'A5218', 'A5216', 'A5220', 'A5223', 'A5222', 'A5221', 'A5218', 'A5216', 'A5220', 'A5223', 'A5222', 'A5221', 'A5218', 'A5216', 'A5220', 'A5223', 'A5222', 'A5221', 'A5218', 'A5216', 'A5220', 'A5223', 'A5222', 'A5221', 'A5218', 'A5216', 'A5220', 'A5223', 'A5222', 'A5221', 'A5218', 'A5216', 'A5220', 'A5223', 'A5222', 'A5221', 'A5218', 'A5216', 'A5220', 'A5223', 'A5222', 'A5221', 'A5218', 'A5216', 'A5220', 'A5223', 'A5222', 'A5221', 'A5218', 'A5216', 'A5220', 'A5223', 'A5222', 'A5221', 'A5218', 'A5216', 'A5220', 'A5223', 'A5222', 'A5221', 'A5218', 'A5216', 'A5220', 'A5223', 'A5222', 'A5221', 'A5218', 'A5216', 'A5220', 'A5223', 'A5222', 'A5221', 'A5218', 'A5216', 'A5220', 'A5223', 'A5222', 'A5221', 'A5218', 'A5216', 'A5220', 'A5223', 'A5222', 'A5221', 'A5218', 'A5216', 'A5220', 'A5223', 'A5222', 'A5221', 'A5218', 'A5216', 'A5220', 'A5223', 'A5222', 'A5221', 'A5218', 'A5216', 'A5220', 'A5223', 'A5222', 'A5221', 'A5218', 'A5216', 'A5220', 'A5223', 'A5222', 'A5221', 'A5218', 'A5216', 'A5220', 'A5223', 'A5222', 'A5221', 'A5218', 'A5216', 'A5220', 'A5223', 'A5222', 'A5221', 'A5218', 'A5216', 'A5220', 'A5223', 'A5222', 'A5221', 'A5218', 'A5216', 'A5220', 'A5223', 'A5222', 'A5221', 'A5218', 'A5216', 'A5220', 'A5223', 'A5222', 'A5221', 'A5218', 'A5216', 'A5220', 'A5223', 'A5222', 'A5221', 'A5218', 'A5216', 'A5220', 'A5223', 'A5222', 'A5221', 'A5218', 'A5216', 'A5220', 'A5223', 'A5222', 'A5221', 'A5218', 'A5216', 'A5220', 'A5223', 'A5222', 'A5221', 'A5218', 'A5216', 'A5220', 'A5223', 'A5222', 'A5221', 'A5218', 'A5216', 'A5220', 'A5223', 'A5222', 'A5221', 'A5218', 'A5216', 'A5220', 'A5223', 'A5222', 'A5221', 'A5218', 'A5216', 'A5220', 'A5223', 'A5222', 'A5221', 'A5218', 'A5216', 'A5220', 'A5223', 'A5222', 'A5221', 'A5218', 'A5216', 'A5220', 'A5223', 'A5222', 'A5221', 'A5218', 'A5216', 'A5220', 'A5223', 'A5222', 'A5221', 'A5218', 'A5216', 'A5220', 'A5223', 'A5222', 'A5221', 'A5218', 'A5216', 'A5220', 'A5223', 'A5222', 'A5221', 'A5218', 'A5216', 'A5220', 'A5223', 'A5222', 'A5221', 'A5218', 'A5216', 'A5220', 'A5223', 'A5222', 'A5221', 'A5218', 'A5216', 'A5220', 'A5223', 'A5222', 'A5221', 'A5218', 'A5216', 'A5220', 'A5223', 'A5222', 'A5221', 'A5218', 'A5216', 'A5220', 'A5223', 'A5222', 'A5221', 'A5218', 'A5216', 'A5220', 'A5223', 'A5222', 'A5221', 'A5218', 'A5216', 'A5220', 'A5223', 'A5222', 'A5221', 'A5218', 'A5216', 'A5220', 'A5223', 'A5222', 'A5221', 'A5218', 'A5216', 'A5220', 'A5223', 'A5222', 'A5221', 'A5218', 'A5216', 'A5220', 'A5223', 'A5222', 'A5221', 'A5218', 'A5216', 'A5218', 'A5216', 'A5220', 'A5223', 'A5222', 'A5221', 'A5218', 'A5216', 'A5220', 'A5223', 'A5222', 'A5221', 'A5218', 'A5216', 'A5220', 'A5223', 'A5222', 'A5221', 'A5218', 'A5216', 'A5220', 'A5223', 'A5222', 'A5221', 'A5218', 'A5216', 'A5220', 'A5223', 'A5222', 'A5221', 'A5218', 'A5216']"
11,A5175,"['A5175', 'A5172', 'A5173', 'A5174', 'A5173', 'A5174', 'A5173', 'A5174', 'A5173', 'A5174', 'A5173', 'A5172', 'A5175', 'A5172', 'A5171', 'A5170', 'A5168', 'A5900', 'A5176', 'A5706', 'A5177', 'A5705', 'A5179', 'A5159', 'A5163', 'A5217', 'A5216', 'A5218', 'A5221', 'A5222', 'A5229', 'A5703', 'A5230', 'A5231', 'A5232', 'A5233', 'A5234', 'A5227', 'A5703', 'A5229', 'A5222', 'A5221', 'A5218', 'A5216', 'A5220', 'A5223', 'A5222', 'A5221', 'A5218', 'A5216', 'A5220', 'A5223', 'A5222', 'A5221', 'A5218', 'A5216', 'A5220', 'A5223', 'A5222', 'A5221', 'A5218', 'A5216', 'A5220', 'A5223', 'A5222', 'A5221', 'A5218', 'A5216', 'A5220', 'A5223', 'A5222', 'A5221', 'A5218', 'A5216', 'A5220', 'A5223', 'A5222', 'A5221', 'A5218', 'A5216', 'A5220', 'A5223', 'A5222', 'A5221', 'A5218', 'A5216', 'A5220', 'A5223', 'A5222', 'A5221', 'A5218', 'A5216', 'A5220', 'A5223', 'A5222', 'A5221', 'A5218', 'A5216', 'A5220', 'A5223', 'A5222', 'A5221', 'A5218', 'A5216', 'A5220', 'A5223', 'A5222', 'A5221', 'A5218', 'A5216', 'A5220', 'A5223', 'A5222', 'A5221', 'A5218', 'A5216', 'A5218', 'A5216', 'A5220', 'A5223', 'A5222', 'A5221', 'A5218', 'A5216', 'A5220', 'A5223', 'A5222', 'A5221', 'A5218', 'A5216', 'A5220', 'A5223', 'A5222', 'A5221', 'A5218', 'A5216', 'A5220', 'A5223', 'A5222', 'A5221', 'A5218', 'A5216', 'A5220', 'A5223', 'A5222', 'A5221', 'A5218', 'A5216', 'A5220', 'A5223', 'A5222', 'A5221', 'A5218', 'A5216', 'A5220', 'A5223', 'A5222', 'A5221', 'A5218', 'A5216', 'A5220', 'A5223', 'A5222', 'A5221', 'A5218', 'A5216', 'A5220', 'A5223', 'A5222', 'A5221', 'A5218', 'A5216', 'A5220', 'A5223', 'A5222', 'A5221', 'A5218', 'A5216', 'A5220', 'A5223', 'A5222', 'A5221', 'A5218', 'A5216', 'A5220', 'A5223', 'A5222', 'A5221', 'A5218', 'A5216', 'A5220', 'A5223', 'A5222', 'A5221', 'A5218', 'A5216', 'A5220', 'A5223', 'A5222', 'A5221', 'A5218', 'A5216', 'A5220', 'A5223', 'A5222', 'A5221', 'A5218', 'A5216', 'A5220', 'A5223', 'A5222', 'A5221', 'A5218', 'A5216', 'A5220', 'A5223', 'A5222', 'A5221', 'A5218', 'A5216', 'A5220', 'A5223', 'A5222', 'A5221', 'A5218', 'A5216', 'A5220', 'A5223', 'A5222', 'A5221', 'A5218', 'A5216', 'A5220', 'A5223', 'A5222', 'A5221', 'A5218', 'A5216', 'A5220', 'A5223', 'A5222', 'A5221', 'A5218', 'A5216', 'A5220', 'A5223', 'A5222', 'A5221', 'A5218', 'A5216', 'A5220', 'A5223', 'A5222', 'A5221', 'A5218', 'A5216', 'A5220', 'A5223', 'A5222', 'A5221', 'A5218', 'A5216', 'A5220', 'A5223', 'A5222', 'A5221', 'A5218', 'A5216', 'A5220', 'A5223', 'A5222', 'A5221', 'A5218', 'A5216', 'A5220', 'A5223', 'A5222', 'A5221', 'A5218', 'A5216', 'A5220', 'A5223', 'A5222', 'A5221', 'A5218', 'A5216', 'A5220', 'A5223', 'A5222', 'A5221', 'A5218', 'A5216', 'A5220', 'A5223', 'A5222', 'A5221', 'A5218', 'A5216', 'A5220', 'A5223', 'A5222', 'A5221', 'A5218', 'A5216', 'A5220', 'A5223', 'A5222', 'A5221', 'A5218', 'A5216', 'A5220', 'A5223', 'A5222', 'A5221', 'A5218', 'A5216', 'A5220', 'A5223', 'A5222', 'A5221', 'A5218', 'A5216', 'A5220', 'A5223', 'A5222', 'A5221', 'A5218', 'A5216', 'A5220', 'A5223', 'A5222', 'A5221', 'A5218', 'A5216', 'A5220', 'A5223', 'A5222', 'A5221', 'A5218', 'A5216', 'A5220', 'A5223', 'A5222', 'A5221', 'A5218', 'A5216', 'A5220', 'A5223', 'A5222', 'A5221', 'A5218', 'A5216', 'A5220', 'A5223', 'A5222', 'A5221', 'A5218', 'A5216', 'A5220', 'A5223', 'A5222', 'A5221', 'A5218', 'A5216', 'A5220', 'A5223', 'A5222', 'A5221', 'A5218', 'A5216', 'A5220', 'A5223', 'A5222', 'A5221', 'A5218', 'A5216', 'A5220', 'A5223', 'A5222', 'A5221', 'A5218', 'A5216', 'A5220', 'A5223', 'A5222', 'A5221', 'A5218', 'A5216', 'A5220', 'A5223', 'A5222', 'A5221', 'A5218', 'A5216', 'A5220', 'A5223', 'A5222', 'A5221', 'A5218', 'A5216', 'A5220', 'A5223', 'A5222', 'A5221', 'A5218', 'A5216', 'A5218', 'A5221', 'A5218', 'A5216', 'A5220', 'A5223', 'A5222', 'A5221', 'A5218', 'A5216', 'A5220', 'A5223', 'A5222', 'A5221', 'A5218', 'A5216', 'A5220', 'A5223', 'A5222', 'A5221', 'A5218', 'A5216', 'A5220', 'A5223', 'A5222', 'A5221', 'A5218', 'A5216', 'A5220', 'A5223', 'A5222', 'A5221', 'A5218', 'A5216', 'A5220', 'A5223', 'A5222', 'A5221', 'A5218', 'A5216', 'A5220', 'A5223', 'A5222', 'A5221', 'A5218', 'A5216', 'A5220', 'A5223', 'A5222', 'A5221', 'A5218', 'A5216', 'A5220', 'A5223', 'A5222', 'A5221', 'A5218', 'A5216', 'A5220', 'A5223', 'A5222', 'A5221', 'A5218', 'A5221', 'A5218', 'A5216', 'A5220', 'A5223', 'A5222', 'A5221', 'A5218', 'A5216', 'A5220', 'A5223', 'A5222', 'A5221', 'A5218', 'A5216', 'A5220', 'A5223', 'A5222', 'A5221', 'A5218', 'A5216', 'A5220', 'A5223', 'A5222', 'A5221', 'A5218', 'A5216', 'A5220', 'A5223', 'A5222', 'A5221']"
12,A5175,"['A5175', 'A5172', 'A5171', 'A5170', 'A5168', 'A5170', 'A5168', 'A5900', 'A5176', 'A5706', 'A5177', 'A5705', 'A5179', 'A5159', 'A5163', 'A5217', 'A5216', 'A5218', 'A5221', 'A5222', 'A5229', 'A5703', 'A5230', 'A5231', 'A5232', 'A5233', 'A5234', 'A5227', 'A5214', 'A5215', 'A5218', 'A5216', 'A5220', 'A5223', 'A5222', 'A5221', 'A5218', 'A5216', 'A5220', 'A5223', 'A5222', 'A5229', 'A5222', 'A5229', 'A5222', 'A5221', 'A5218', 'A5216', 'A5220', 'A5223', 'A5222', 'A5221', 'A5218', 'A5216', 'A5220', 'A5223', 'A5222', 'A5221', 'A5218', 'A5216', 'A5220', 'A5223', 'A5222', 'A5221', 'A5218', 'A5216', 'A5220', 'A5223', 'A5222', 'A5221', 'A5218', 'A5216', 'A5220', 'A5223', 'A5222', 'A5221', 'A5218', 'A5216', 'A5220', 'A5223', 'A5222', 'A5221', 'A5218', 'A5216', 'A5220', 'A5223', 'A5222', 'A5221', 'A5218', 'A5221', 'A5222', 'A5221', 'A5218', 'A5216', 'A5220', 'A5223', 'A5222', 'A5221', 'A5218', 'A5216', 'A5218', 'A5221', 'A5222', 'A5221', 'A5218', 'A5216', 'A5220', 'A5223', 'A5222', 'A5221', 'A5218', 'A5216', 'A5220', 'A5223', 'A5222', 'A5221', 'A5218', 'A5221', 'A5222', 'A5221', 'A5218', 'A5216', 'A5220', 'A5223', 'A5222', 'A5221', 'A5218', 'A5216', 'A5220', 'A5223', 'A5222', 'A5221', 'A5218', 'A5216', 'A5220', 'A5223', 'A5222', 'A5221', 'A5218', 'A5216', 'A5220', 'A5223', 'A5222', 'A5221', 'A5218', 'A5216', 'A5220', 'A5223', 'A5222', 'A5221', 'A5218', 'A5216', 'A5220', 'A5223', 'A5222', 'A5221', 'A5218', 'A5216', 'A5220', 'A5223', 'A5222', 'A5221', 'A5218', 'A5216', 'A5220', 'A5223', 'A5222', 'A5221', 'A5218', 'A5216', 'A5220', 'A5223', 'A5222', 'A5221', 'A5218', 'A5216', 'A5220', 'A5223', 'A5222', 'A5221', 'A5218', 'A5216', 'A5220', 'A5223', 'A5222', 'A5221', 'A5218', 'A5216', 'A5220', 'A5223', 'A5222', 'A5221', 'A5218', 'A5216', 'A5220', 'A5223', 'A5222', 'A5221', 'A5218', 'A5216', 'A5220', 'A5223', 'A5222', 'A5221', 'A5218', 'A5216', 'A5220', 'A5223', 'A5222', 'A5221', 'A5218', 'A5216', 'A5220', 'A5223', 'A5222', 'A5221', 'A5218', 'A5216', 'A5220', 'A5223', 'A5222', 'A5221', 'A5218', 'A5216', 'A5220', 'A5223', 'A5222', 'A5221', 'A5218', 'A5216', 'A5220', 'A5223', 'A5222', 'A5221', 'A5218', 'A5216', 'A5220', 'A5223', 'A5222', 'A5221', 'A5218', 'A5216', 'A5220', 'A5223', 'A5222', 'A5221', 'A5218', 'A5216', 'A5220', 'A5223', 'A5222', 'A5221', 'A5218', 'A5216', 'A5220', 'A5223', 'A5222', 'A5221', 'A5218', 'A5216', 'A5220', 'A5223', 'A5222', 'A5221', 'A5218', 'A5216', 'A5220', 'A5223', 'A5222', 'A5221', 'A5218', 'A5216', 'A5220', 'A5223', 'A5222', 'A5221', 'A5218', 'A5216', 'A5220', 'A5223', 'A5222', 'A5221', 'A5218', 'A5216', 'A5220', 'A5223', 'A5222', 'A5221', 'A5218', 'A5216', 'A5220', 'A5223', 'A5222', 'A5221', 'A5218', 'A5216', 'A5220', 'A5223', 'A5222', 'A5221', 'A5218', 'A5216', 'A5220', 'A5223', 'A5222', 'A5221', 'A5218', 'A5216', 'A5220', 'A5223', 'A5222', 'A5221', 'A5218', 'A5216', 'A5220', 'A5223', 'A5222', 'A5221', 'A5218', 'A5216', 'A5220', 'A5223', 'A5222', 'A5221', 'A5218', 'A5216', 'A5220', 'A5223', 'A5222', 'A5221', 'A5218', 'A5216', 'A5220', 'A5223', 'A5222', 'A5221', 'A5218', 'A5216', 'A5220', 'A5223', 'A5222', 'A5221', 'A5218', 'A5216', 'A5220', 'A5223', 'A5222', 'A5221', 'A5218', 'A5216', 'A5220', 'A5223', 'A5222', 'A5221', 'A5218', 'A5216', 'A5220', 'A5223', 'A5222', 'A5221', 'A5218', 'A5216', 'A5220', 'A5223', 'A5222', 'A5221', 'A5218', 'A5216', 'A5220', 'A5223', 'A5222', 'A5221', 'A5218', 'A5216', 'A5220', 'A5223', 'A5222', 'A5221', 'A5218', 'A5216', 'A5220', 'A5223', 'A5222', 'A5221', 'A5218', 'A5216', 'A5220', 'A5223', 'A5222', 'A5221', 'A5218', 'A5216', 'A5220', 'A5223', 'A5222', 'A5221', 'A5218', 'A5216', 'A5220', 'A5223', 'A5222', 'A5221', 'A5218', 'A5216', 'A5220', 'A5223', 'A5222', 'A5221', 'A5222', 'A5221', 'A5218', 'A5216', 'A5220', 'A5223', 'A5222', 'A5221', 'A5218', 'A5216', 'A5220', 'A5223', 'A5222', 'A5221', 'A5218', 'A5216', 'A5220', 'A5223', 'A5222', 'A5221', 'A5218', 'A5216', 'A5220', 'A5223', 'A5222', 'A5221', 'A5218', 'A5216', 'A5220', 'A5223', 'A5222', 'A5221', 'A5218', 'A5216', 'A5220', 'A5223', 'A5222', 'A5221', 'A5218', 'A5216', 'A5220', 'A5223', 'A5222', 'A5221', 'A5218', 'A5216', 'A5220', 'A5223', 'A5222', 'A5221', 'A5218', 'A5216', 'A5220', 'A5223', 'A5222', 'A5221', 'A5218', 'A5216', 'A5220', 'A5223', 'A5222', 'A5221', 'A5222', 'A5221', 'A5218', 'A5216', 'A5220', 'A5223', 'A5222', 'A5221', 'A5218', 'A5216', 'A5220', 'A5223', 'A5222', 'A5221', 'A5218', 'A5216', 'A5220', 'A5223', 'A5222', 'A5221', 'A5218', 'A5216', 'A5220', 'A5223', 'A5222', 'A5221', 'A5218', 'A5216', 'A5220', 'A5223']"
13,A5175,"['A5175', 'A5172', 'A5175', 'A5172', 'A5173', 'A5172', 'A5175', 'A5172', 'A5171', 'A5172', 'A5173', 'A5174', 'A5173', 'A5172', 'A5175', 'A5172', 'A5171', 'A5170', 'A5168', 'A5900', 'A5176', 'A5706', 'A5177', 'A5705', 'A5179', 'A5159', 'A5163', 'A5217', 'A5216', 'A5218', 'A5221', 'A5222', 'A5229', 'A5703', 'A5230', 'A5231', 'A5232', 'A5233', 'A5234', 'A5227', 'A5703', 'A5229', 'A5703', 'A5227', 'A5703', 'A5227', 'A5703', 'A5227', 'A5703', 'A5227', 'A5703', 'A5227', 'A5703', 'A5227', 'A5703', 'A5227', 'A5703', 'A5227', 'A5703', 'A5227', 'A5703', 'A5227', 'A5703', 'A5227', 'A5703', 'A5227', 'A5703', 'A5227', 'A5703', 'A5227', 'A5703', 'A5227', 'A5703', 'A5227', 'A5703', 'A5227', 'A5703', 'A5227', 'A5703', 'A5227', 'A5703', 'A5227', 'A5703', 'A5227', 'A5703', 'A5227', 'A5703', 'A5227', 'A5703', 'A5227', 'A5703', 'A5227', 'A5703', 'A5227', 'A5703', 'A5227', 'A5703', 'A5227', 'A5703', 'A5227', 'A5703', 'A5227', 'A5703', 'A5227', 'A5703', 'A5227', 'A5703', 'A5227', 'A5703', 'A5227', 'A5703', 'A5227', 'A5703', 'A5227', 'A5703', 'A5227', 'A5703', 'A5227', 'A5703', 'A5227', 'A5703', 'A5227', 'A5703', 'A5227', 'A5703', 'A5227', 'A5703', 'A5227', 'A5703', 'A5227', 'A5703', 'A5227', 'A5703', 'A5227', 'A5703', 'A5227', 'A5703', 'A5227', 'A5703', 'A5227', 'A5703', 'A5227', 'A5703', 'A5227', 'A5703', 'A5227', 'A5703', 'A5227', 'A5703', 'A5227', 'A5703', 'A5227', 'A5703', 'A5227', 'A5703', 'A5227', 'A5703', 'A5227', 'A5703', 'A5227', 'A5703', 'A5227', 'A5703', 'A5227', 'A5703', 'A5227', 'A5703', 'A5227', 'A5703', 'A5227', 'A5703', 'A5227', 'A5703', 'A5227', 'A5703', 'A5227', 'A5703', 'A5227', 'A5703', 'A5227', 'A5703', 'A5227', 'A5703', 'A5227', 'A5703', 'A5227', 'A5703', 'A5227', 'A5703', 'A5227', 'A5703', 'A5227', 'A5703', 'A5227', 'A5703', 'A5227', 'A5703', 'A5227', 'A5703', 'A5227', 'A5703', 'A5227', 'A5703', 'A5227', 'A5703', 'A5227', 'A5703', 'A5227', 'A5703', 'A5227', 'A5703', 'A5227', 'A5703', 'A5227', 'A5703', 'A5227', 'A5703', 'A5227', 'A5703', 'A5227', 'A5703', 'A5227', 'A5703', 'A5227', 'A5703', 'A5227', 'A5703', 'A5227', 'A5703', 'A5227', 'A5703', 'A5227', 'A5703', 'A5227', 'A5703', 'A5227', 'A5703', 'A5227', 'A5703', 'A5227', 'A5703', 'A5227', 'A5703', 'A5227', 'A5703', 'A5227', 'A5703', 'A5227', 'A5703', 'A5227', 'A5703', 'A5227', 'A5703', 'A5227', 'A5703', 'A5227', 'A5703', 'A5227', 'A5703', 'A5227', 'A5703', 'A5227', 'A5703', 'A5227', 'A5703', 'A5227', 'A5703', 'A5227', 'A5703', 'A5227', 'A5703', 'A5227', 'A5703', 'A5227', 'A5703', 'A5227', 'A5703', 'A5227', 'A5703', 'A5227', 'A5703', 'A5227', 'A5703', 'A5227', 'A5703', 'A5227', 'A5703', 'A5227', 'A5703', 'A5227', 'A5703', 'A5227', 'A5703', 'A5227', 'A5703', 'A5227', 'A5703', 'A5227', 'A5703', 'A5227', 'A5703', 'A5227', 'A5703', 'A5227', 'A5703', 'A5227', 'A5703', 'A5227', 'A5703', 'A5227', 'A5703', 'A5227', 'A5703', 'A5227', 'A5703', 'A5227', 'A5703', 'A5227', 'A5703', 'A5227', 'A5703', 'A5227', 'A5703', 'A5227', 'A5703', 'A5227', 'A5703', 'A5227', 'A5703', 'A5227', 'A5703', 'A5227', 'A5703', 'A5227', 'A5703', 'A5227', 'A5703', 'A5227', 'A5703', 'A5227', 'A5703', 'A5227', 'A5703', 'A5227', 'A5703', 'A5227', 'A5703', 'A5227', 'A5703', 'A5227', 'A5703', 'A5227', 'A5703', 'A5227', 'A5703', 'A5227', 'A5703', 'A5227', 'A5703', 'A5227', 'A5703', 'A5227', 'A5703', 'A5227', 'A5703', 'A5227', 'A5703', 'A5227', 'A5703', 'A5227', 'A5703', 'A5227', 'A5703', 'A5227', 'A5703', 'A5227', 'A5703', 'A5227', 'A5703', 'A5227', 'A5703', 'A5227', 'A5703', 'A5227', 'A5703', 'A5227', 'A5703', 'A5227', 'A5703', 'A5227', 'A5703', 'A5227', 'A5703', 'A5227', 'A5703', 'A5227', 'A5703', 'A5227', 'A5703', 'A5227', 'A5703', 'A5227', 'A5703', 'A5227', 'A5703', 'A5227', 'A5703', 'A5227', 'A5703', 'A5227', 'A5703', 'A5227', 'A5703', 'A5227', 'A5703', 'A5227', 'A5703', 'A5227', 'A5703', 'A5227', 'A5703', 'A5227', 'A5703', 'A5227', 'A5703', 'A5227', 'A5703', 'A5227', 'A5703', 'A5227', 'A5703', 'A5227', 'A5703', 'A5227', 'A5703', 'A5227', 'A5703', 'A5227', 'A5703', 'A5227', 'A5703', 'A5227', 'A5703', 'A5227', 'A5703', 'A5227', 'A5703', 'A5227', 'A5703', 'A5227', 'A5703', 'A5227', 'A5703', 'A5227', 'A5703', 'A5227', 'A5703', 'A5227', 'A5703', 'A5227', 'A5703', 'A5227', 'A5703', 'A5227', 'A5703', 'A5227', 'A5703', 'A5227', 'A5703', 'A5227', 'A5703', 'A5227', 'A5703', 'A5227', 'A5703', 'A5227', 'A5703', 'A5227', 'A5703', 'A5227', 'A5703', 'A5227', 'A5703', 'A5227', 'A5703', 'A5227', 'A5703', 'A5227', 'A5703', 'A5227', 'A5703', 'A5227', 'A5703', 'A5227', 'A5703', 'A5227', 'A5703', 'A5227', 'A5703', 'A5227']"
14,A5175,"['A5175', 'A5172', 'A5173', 'A5172', 'A5171', 'A5170', 'A5171', 'A5170', 'A5171', 'A5170', 'A5171', 'A5172', 'A5173', 'A5174', 'A5173', 'A5172', 'A5175', 'A5172', 'A5171', 'A5170', 'A5168', 'A5900', 'A5176', 'A5706', 'A5177', 'A5705', 'A5179', 'A5159', 'A5163', 'A5217', 'A5216', 'A5218', 'A5221', 'A5222', 'A5229', 'A5703', 'A5230', 'A5231', 'A5232', 'A5233', 'A5234', 'A5227', 'A5703', 'A5229', 'A5703', 'A5229', 'A5222', 'A5229', 'A5222', 'A5229', 'A5222', 'A5229', 'A5222', 'A5229', 'A5222', 'A5229', 'A5222', 'A5229', 'A5222', 'A5229', 'A5222', 'A5229', 'A5222', 'A5229', 'A5222', 'A5229', 'A5222', 'A5229', 'A5222', 'A5229', 'A5222', 'A5229', 'A5222', 'A5229', 'A5222', 'A5229', 'A5222', 'A5229', 'A5222', 'A5229', 'A5222', 'A5229', 'A5222', 'A5229', 'A5222', 'A5229', 'A5222', 'A5229', 'A5222', 'A5229', 'A5222', 'A5229', 'A5222', 'A5229', 'A5222', 'A5229', 'A5222', 'A5229', 'A5222', 'A5229', 'A5222', 'A5229', 'A5222', 'A5229', 'A5222', 'A5229', 'A5222', 'A5229', 'A5222', 'A5229', 'A5222', 'A5229', 'A5222', 'A5229', 'A5222', 'A5229', 'A5222', 'A5229', 'A5222', 'A5229', 'A5222', 'A5229', 'A5222', 'A5229', 'A5222', 'A5229', 'A5222', 'A5229', 'A5222', 'A5229', 'A5222', 'A5229', 'A5222', 'A5229', 'A5222', 'A5229', 'A5222', 'A5229', 'A5222', 'A5229', 'A5222', 'A5229', 'A5222', 'A5229', 'A5222', 'A5229', 'A5222', 'A5229', 'A5222', 'A5229', 'A5222', 'A5229', 'A5222', 'A5229', 'A5222', 'A5229', 'A5222', 'A5229', 'A5222', 'A5229', 'A5222', 'A5229', 'A5222', 'A5229', 'A5222', 'A5229', 'A5222', 'A5229', 'A5222', 'A5229', 'A5222', 'A5229', 'A5222', 'A5229', 'A5222', 'A5229', 'A5222', 'A5229', 'A5222', 'A5229', 'A5222', 'A5229', 'A5222', 'A5229', 'A5222', 'A5229', 'A5222', 'A5229', 'A5222', 'A5229', 'A5222', 'A5229', 'A5222', 'A5229', 'A5222', 'A5229', 'A5222', 'A5229', 'A5222', 'A5229', 'A5222', 'A5229', 'A5222', 'A5229', 'A5222', 'A5229', 'A5222', 'A5229', 'A5222', 'A5229', 'A5222', 'A5229', 'A5222', 'A5229', 'A5222', 'A5229', 'A5222', 'A5229', 'A5222', 'A5229', 'A5222', 'A5229', 'A5222', 'A5229', 'A5222', 'A5229', 'A5222', 'A5229', 'A5222', 'A5229', 'A5222', 'A5229', 'A5222', 'A5229', 'A5222', 'A5229', 'A5222', 'A5229', 'A5222', 'A5229', 'A5222', 'A5229', 'A5222', 'A5229', 'A5222', 'A5229', 'A5222', 'A5229', 'A5222', 'A5229', 'A5222', 'A5229', 'A5222', 'A5229', 'A5222', 'A5229', 'A5222', 'A5229', 'A5222', 'A5229', 'A5222', 'A5229', 'A5222', 'A5229', 'A5222', 'A5229', 'A5222', 'A5229', 'A5222', 'A5229', 'A5222', 'A5229', 'A5222', 'A5229', 'A5222', 'A5229', 'A5222', 'A5229', 'A5222', 'A5229', 'A5222', 'A5229', 'A5222', 'A5229', 'A5222', 'A5229', 'A5222', 'A5229', 'A5222', 'A5229', 'A5222', 'A5229', 'A5222', 'A5229', 'A5222', 'A5229', 'A5222', 'A5229', 'A5222', 'A5229', 'A5222', 'A5229', 'A5222', 'A5229', 'A5222', 'A5229', 'A5222', 'A5229', 'A5222', 'A5229', 'A5222', 'A5229', 'A5222', 'A5229', 'A5222', 'A5229', 'A5222', 'A5229', 'A5222', 'A5229', 'A5222', 'A5229', 'A5222', 'A5229', 'A5222', 'A5229', 'A5222', 'A5229', 'A5222', 'A5229', 'A5222', 'A5229', 'A5222', 'A5229', 'A5222', 'A5229', 'A5222', 'A5229', 'A5222', 'A5229', 'A5222', 'A5229', 'A5222', 'A5229', 'A5222', 'A5229', 'A5222', 'A5229', 'A5222', 'A5229', 'A5222', 'A5229', 'A5222', 'A5229', 'A5222', 'A5229', 'A5222', 'A5229', 'A5222', 'A5229', 'A5222', 'A5229', 'A5222', 'A5229', 'A5222', 'A5229', 'A5222', 'A5229', 'A5222', 'A5229', 'A5222', 'A5229', 'A5222', 'A5229', 'A5222', 'A5229', 'A5222', 'A5229', 'A5222', 'A5229', 'A5222', 'A5229', 'A5222', 'A5229', 'A5222', 'A5229', 'A5222', 'A5229', 'A5222', 'A5229', 'A5222', 'A5229', 'A5222', 'A5229', 'A5222', 'A5229', 'A5222', 'A5229', 'A5222', 'A5229', 'A5222', 'A5229', 'A5222', 'A5229', 'A5222', 'A5229', 'A5222', 'A5229', 'A5222', 'A5229', 'A5222', 'A5229', 'A5222', 'A5229', 'A5222', 'A5229', 'A5222', 'A5229', 'A5222', 'A5229', 'A5222', 'A5229', 'A5222', 'A5229', 'A5222', 'A5229', 'A5222', 'A5229', 'A5222', 'A5229', 'A5222', 'A5229', 'A5222', 'A5229', 'A5222', 'A5229', 'A5222', 'A5229', 'A5222', 'A5229', 'A5222', 'A5229', 'A5222', 'A5229', 'A5222', 'A5229', 'A5222', 'A5229', 'A5222', 'A5229', 'A5222', 'A5229', 'A5222', 'A5229', 'A5222', 'A5229', 'A5222', 'A5229', 'A5222', 'A5229', 'A5222', 'A5229', 'A5222', 'A5229', 'A5222', 'A5229', 'A5222', 'A5229', 'A5222', 'A5229', 'A5222', 'A5229', 'A5222', 'A5229', 'A5222', 'A5229', 'A5222', 'A5229', 'A5222', 'A5229', 'A5222', 'A5229', 'A5222', 'A5229', 'A5222', 'A5229', 'A5222', 'A5229', 'A5222', 'A5229', 'A5222', 'A5229', 'A5222', 'A5229', 'A5222', 'A5229', 'A5222', 'A5229', 'A5222', 'A5229']"
15,A5175,"['A5175', 'A5172', 'A5171', 'A5172', 'A5175', 'A5172', 'A5173', 'A5172', 'A5175', 'A5172', 'A5171', 'A5170', 'A5171', 'A5172', 'A5173', 'A5174', 'A5173', 'A5172', 'A5175', 'A5172', 'A5171', 'A5170', 'A5168', 'A5900', 'A5176', 'A5706', 'A5177', 'A5705', 'A5179', 'A5159', 'A5163', 'A5217', 'A5216', 'A5218', 'A5221', 'A5222', 'A5229', 'A5703', 'A5230', 'A5231', 'A5232', 'A5233', 'A5234', 'A5227', 'A5234', 'A5227', 'A5234', 'A5227', 'A5234', 'A5233', 'A5232', 'A5209', 'A5208', 'A5204', 'A5203', 'A5503', 'A5206', 'A5207', 'A5206', 'A5503', 'A5196', 'A5195', 'A5194', 'A5193', 'A5199', 'A5198', 'A5195', 'A5196', 'A5197', 'A5196', 'A5503', 'A5201', 'A5199', 'A5193', 'A5192', 'A5190', 'A5188', 'A5189', 'A5188', 'A5186', 'A5187', 'A5186', 'A5180', 'A5181', 'A5182', 'A5183', 'A5182', 'A5165', 'A5705', 'A5177', 'A5178', 'A5177', 'A5706', 'A5166', 'A5243', 'A5242', 'A5244', 'A5247', 'A5244', 'A5707', 'A5246', 'A5245', 'A5246', 'A5707', 'A5251', 'N-0512', 'A5251', 'A5250', 'A5252', 'A5253', 'A5254', 'A5255', 'A5254', 'A5260', 'A5257', 'N-0509', 'A5257', 'A5256', 'A5253', 'A5252', 'A5265', 'A5263', 'A5261', 'A5259', 'A5256', 'A5257', 'A5260', 'A5254', 'A5253', 'A5256', 'A5259', 'A5261', 'N-0510', 'A5262', 'A5267', 'A5266', 'A5269', 'A5709', 'A5270', 'A5271', 'A5270', 'A5272', 'A5273', 'A5274', 'A5304', 'A5303', 'A5302', 'A5299', 'N-0508', 'A5299', 'A5298', 'A5297', 'A5296', 'A5295', 'A5294', 'A5292', 'A5291', 'A5290', 'A5289', 'A5288', 'A5287', 'A5286', 'A5284', 'A5282', 'A5281', 'N-0501', 'N-0500', 'N-0502', 'N-0504', 'N-0502', 'N-0506', 'N-0502', 'N-0500', 'A5280', 'A5520', 'A5278', 'A5277', 'A5274', 'A5273', 'A5272', 'A5270', 'A5709', 'A5305', 'A5307', 'A5349', 'A5347', 'A5346', 'A5310', 'A5355', 'A5350', 'A5352', 'A5351', 'A5352', 'A5353', 'A5354', 'A5353', 'A5355', 'A5356', 'A5358', 'A5359', 'A5361', 'A5363', 'A5362', 'A5365', 'A5368', 'A5369', 'A5366', 'A5365', 'A5362', 'A5359', 'A5358', 'A5356', 'A5357', 'A5356', 'A5355', 'A5310', 'A5309', 'N-2924', 'A5309', 'A5293', 'A5294', 'A5295', 'A5294', 'A5292', 'A5291', 'A5290', 'A5289', 'A5288', 'A5287', 'A5286', 'A5284', 'A5282', 'A5281', 'N-0501', 'N-0500', 'N-0502', 'N-0504', 'N-0502', 'N-0506', 'N-0502', 'N-0500', 'A5280', 'N-0500', 'N-0501', 'N-0503', 'N-0507', 'N-0503', 'N-0505', 'N-0503', 'N-0501', 'A5281', 'A5283', 'A5281', 'A5282', 'A5284', 'A5282', 'A5281', 'N-0501', 'N-0500', 'N-0502', 'N-0504', 'N-0502', 'N-0506', 'N-0502', 'N-0500', 'A5280', 'A5520', 'A5278', 'A5277', 'A5274', 'A5273', 'A5272', 'A5270', 'A5271', 'A5270', 'A5272', 'A5273', 'A5274', 'A5304', 'A5303', 'A5302', 'A5299', 'A5298', 'A5297', 'A5296', 'A5295', 'A5294', 'A5292', 'A5291', 'A5290', 'A5289', 'A5288', 'A5287', 'A5286', 'A5284', 'A5282', 'A5281', 'N-0501', 'N-0500', 'N-0502', 'N-0500', 'A5280', 'A5520', 'A5278', 'A5277', 'A5274', 'A5273', 'A5272', 'A5270', 'A5709', 'A5305', 'A5307', 'A5349', 'A5347', 'A5346', 'A5310', 'A5355', 'A5310', 'A5309', 'N-2924', 'A5309', 'A5293', 'A5292', 'A5294', 'A5293', 'A5292', 'A5294', 'A5293', 'A5292', 'A5294', 'A5293', 'A5292', 'A5294', 'A5292', 'A5291', 'A5290', 'A5289', 'A5288', 'A5287', 'A5286', 'A5284', 'A5282', 'A5281', 'N-0501', 'N-0500', 'N-0502', 'N-0504', 'N-0502', 'N-0506', 'N-0502', 'N-0500', 'A5280', 'A5520', 'A5278', 'A5277', 'A5274', 'A5273', 'A5272', 'A5270', 'A5709', 'A5305', 'A5307', 'A5349', 'A5347', 'A5346', 'A5310', 'A5355', 'A5350', 'A5352', 'A5351', 'A5352', 'A5353', 'A5354', 'A5353', 'A5355', 'A5356', 'A5358', 'A5359', 'A5361', 'A5363', 'A5362', 'A5365', 'A5368', 'A5369', 'A5366', 'A5365', 'A5362', 'A5359', 'A5358', 'A5356', 'A5357', 'A5356', 'A5355', 'A5310', 'A5309', 'N-2924', 'A5309', 'A5293', 'A5294', 'A5295', 'A5296', 'A5297', 'A5298', 'A5299', 'A5300', 'A5301', 'A5306', 'A5301', 'A5300', 'A5299', 'A5302', 'A5303', 'A5304', 'A5274', 'A5277', 'A5278', 'A5279', 'A5278', 'A5277', 'A5274', 'A5273', 'A5272', 'A5270', 'A5709', 'A5305', 'A5307', 'A5349', 'A5347', 'A5346', 'A5310', 'A5355', 'A5310', 'A5309', 'N-2924', 'A5309', 'A5293', 'A5294', 'A5295', 'A5296', 'A5297', 'A5298', 'A5299', 'A5300', 'A5301', 'A5306', 'A5301', 'A5300', 'A5299', 'A5302', 'A5303', 'A5304', 'A5274', 'A5277', 'A5278', 'A5279', 'A5278', 'A5520', 'A5280', 'N-2923', 'N-0499', 'N-2923', 'N-2922', 'N-2923', 'A5280', 'N-0500', 'N-0501', 'N-0503', 'N-0507', 'N-0503', 'N-0505', 'N-0503', 'N-0501', 'A5281', 'A5283', 'A5281', 'A5282', 'A5284', 'A5285', 'A5284', 'A5286', 'A5287', 'A5288', 'A5289', 'A5290', 'A5291', 'A5292', 'A5293', 'A5309', 'A5310', 'A5346', 'A5311', 'A5346', 'AN-1868', 'A5350', 'A5355', 'A5353', 'A5352', 'A5350', 'AN-1868', 'A5312']"
16,A5175,"['A5175', 'A5172', 'A5175', 'A5172', 'A5173', 'A5174', 'A5173', 'A5174', 'A5173', 'A5172', 'A5175', 'A5172', 'A5171', 'A5170', 'A5171', 'A5172', 'A5173', 'A5174', 'A5173', 'A5172', 'A5175', 'A5172', 'A5171', 'A5170', 'A5168', 'A5900', 'A5176', 'A5706', 'A5177', 'A5705', 'A5179', 'A5159', 'A5163', 'A5217', 'A5216', 'A5218', 'A5221', 'A5222', 'A5229', 'A5703', 'A5230', 'A5231', 'A5232', 'A5233', 'A5234', 'A5233', 'A5232', 'A5209', 'A5208', 'A5204', 'A5203', 'A5503', 'A5206', 'A5207', 'A5517', 'A5502', 'A5517', 'A5207', 'A5517', 'A5207', 'A5208', 'A5209', 'A5232', 'A5209', 'A5208', 'A5204', 'A5203', 'A5503', 'A5206', 'A5207', 'A5517', 'A5502', 'A5517', 'A5207', 'A5208', 'A5209', 'A5232', 'A5209', 'A5208', 'A5204', 'A5203', 'A5503', 'A5206', 'A5207', 'A5517', 'A5207', 'A5208', 'A5209', 'A5232', 'A5209', 'A5208', 'A5204', 'A5203', 'A5503', 'A5206', 'A5207', 'A5517', 'A5502', 'A5517', 'A5207', 'A5208', 'A5209', 'A5232', 'A5231', 'A5237', 'A5235', 'A5704', 'A5240', 'A5154', 'A5161', 'A5226', 'A5225', 'A5222', 'A5225', 'A5226', 'A5161', 'A5702', 'A5156', 'N-0498', 'A5156', 'A5159', 'A5179', 'A5164', 'A5165', 'A5182', 'A5181', 'A5180', 'A5164', 'A5179', 'A5705', 'A5165', 'A5164', 'A5180', 'A5184', 'A5180', 'A5186', 'A5185', 'A5186', 'A5188', 'A5186', 'A5187', 'A5186', 'A5180', 'A5181', 'A5182', 'A5183', 'A5182', 'A5165', 'A5164', 'A5180', 'A5184', 'A5180', 'A5186', 'A5185', 'A5186', 'A5188', 'A5190', 'A5191', 'A5190', 'A5192', 'A5193', 'A5194', 'A5195', 'A5198', 'A5199', 'A5200', 'A5199', 'A5193', 'A5192', 'A5190', 'A5188', 'A5186', 'A5187', 'A5186', 'A5180', 'A5181', 'A5182', 'A5183', 'A5182', 'A5165', 'A5705', 'A5177', 'A5178', 'A5177', 'A5706', 'A5166', 'A5243', 'A5242', 'A5244', 'A5247', 'A5244', 'A5707', 'A5246', 'A5245', 'A5246', 'A5707', 'A5251', 'N-0512', 'A5251', 'A5250', 'A5252', 'A5253', 'A5254', 'A5255', 'A5254', 'A5260', 'A5257', 'N-0509', 'A5257', 'A5256', 'A5253', 'A5252', 'A5265', 'A5263', 'A5261', 'A5259', 'A5256', 'A5257', 'A5260', 'A5254', 'A5253', 'A5252', 'A5265', 'A5263', 'A5261', 'A5259', 'A5256', 'A5257', 'A5256', 'A5253', 'A5252', 'A5265', 'A5263', 'A5261', 'A5259', 'A5256', 'A5257', 'A5260', 'A5254', 'A5253', 'A5256', 'A5259', 'A5261', 'N-0510', 'A5262', 'A5267', 'A5266', 'A5269', 'A5709', 'A5270', 'A5271', 'A5270', 'A5272', 'A5273', 'A5274', 'A5304', 'A5303', 'A5302', 'A5299', 'N-0508', 'A5299', 'A5298', 'A5297', 'A5296', 'A5295', 'A5294', 'A5292', 'A5291', 'A5290', 'A5289', 'A5288', 'A5287', 'A5286', 'A5284', 'A5282', 'A5281', 'N-0501', 'N-0500', 'N-0502', 'N-0504', 'N-0502', 'N-0506', 'N-0502', 'N-0500', 'A5280', 'A5520', 'A5278', 'A5277', 'A5274', 'A5273', 'A5272', 'A5270', 'A5709', 'A5305', 'A5307', 'A5349', 'A5347', 'A5346', 'A5310', 'A5355', 'A5350', 'A5352', 'A5351', 'A5352', 'A5353', 'A5354', 'A5353', 'A5355', 'A5356', 'A5358', 'A5359', 'A5361', 'A5363', 'A5362', 'A5365', 'A5368', 'A5369', 'A5366', 'A5365', 'A5362', 'A5359', 'A5358', 'A5356', 'A5357', 'A5356', 'A5355', 'A5310', 'A5309', 'N-2924', 'A5309', 'A5293', 'A5309', 'A5310', 'A5346', 'A5311', 'A5346', 'AN-1868', 'A5350', 'A5352', 'A5351', 'A5352', 'A5353', 'A5354', 'A5353', 'A5355', 'A5356', 'A5355', 'A5310', 'A5309', 'N-2924', 'A5309', 'A5293', 'A5292', 'A5294', 'A5293', 'A5292', 'A5294', 'A5293', 'A5292', 'A5294', 'A5293', 'A5292', 'A5294', 'A5293', 'A5292', 'A5294', 'A5293', 'A5292', 'A5294', 'A5292', 'A5291', 'A5290', 'A5289', 'A5288', 'A5287', 'A5286', 'A5284', 'A5282', 'A5281', 'N-0501', 'N-0500', 'N-0502', 'N-0504', 'N-0502', 'N-0506', 'N-0502', 'N-0500', 'A5280', 'A5520', 'A5278', 'A5277', 'A5274', 'A5273', 'A5272', 'A5270', 'A5709', 'A5305', 'A5307', 'A5349', 'A5347', 'A5346', 'A5310', 'A5355', 'A5350', 'A5352', 'A5351', 'A5352', 'A5353', 'A5354', 'A5353', 'A5352', 'A5350', 'AN-1868', 'A5312', 'A5313', 'A5315', 'A5316', 'A5321', 'A5320', 'A5319', 'A5324', 'A5322', 'A5321', 'A5316', 'A5317', 'A5318', 'A5319', 'A5320', 'A5321', 'A5322', 'A5323', 'A5322', 'A5324', 'A5319', 'A5318', 'A5326', 'A5327', 'A5345', 'A5344', 'A5340', 'A5339', 'A5338', 'A5337', 'A5330', 'A5331', 'A5332', 'A5333', 'A5334', 'A5335', 'A5336', 'A5337', 'A5338', 'A5339', 'A5341', 'A5342', 'A5341', 'A5339', 'A5343', 'A5339', 'A5340', 'A5344', 'A5345', 'A5312', 'AN-1868', 'A5346', 'A5347', 'A5348', 'A5347', 'A5349', 'A5307', 'A5305', 'A5709', 'A5262', 'N-0510', 'A5264', 'N-0511', 'A5265', 'A5252', 'A5250', 'A5249', 'A5248', 'A5269', 'A5266', 'N-0511', 'A5264', 'N-0510', 'A5261', 'A5263', 'A5265', 'N-0511', 'A5266', 'A5267', 'A5262', 'A5709', 'A5269', 'A5248', 'A5900', 'A5167', 'A5244', 'A5242']"
17,A5175,"['A5175', 'A5172', 'A5173', 'A5174', 'A5173', 'A5172', 'A5171', 'A5172', 'A5173', 'A5174', 'A5173', 'A5172', 'A5175', 'A5172', 'A5171', 'A5170', 'A5171', 'A5172', 'A5173', 'A5174', 'A5173', 'A5172', 'A5175', 'A5172', 'A5171', 'A5170', 'A5168', 'A5900', 'A5176', 'A5706', 'A5177', 'A5705', 'A5179', 'A5159', 'A5163', 'A5217', 'A5216', 'A5218', 'A5221', 'A5222', 'A5229', 'A5703', 'A5230', 'A5231', 'A5232', 'A5233', 'A5234', 'A5233', 'A5232', 'A5209', 'A5208', 'A5204', 'A5203', 'A5503', 'A5206', 'A5207', 'A5517', 'A5502', 'A5517', 'A5502', 'A5517', 'A5516', 'A5509', 'A5510', 'A5509', 'A5511', 'A5513', 'A5511', 'A5514', 'A5700', 'A5701', 'A5700', 'A5514', 'AN-1871', 'A5514', 'A5511', 'A5509', 'A5510', 'A5509', 'A5511', 'A5509', 'A5516', 'A5515', 'A5516', 'A5517', 'A5502', 'A5517', 'A5516', 'A5509', 'A5510', 'A5509', 'A5510', 'A5509', 'A5511', 'A5509', 'A5516', 'A5515', 'A5516', 'A5517', 'A5502', 'A5517', 'A5516', 'A5509', 'A5510', 'A5509', 'A5510', 'A5509', 'A5511', 'A5509', 'A5516', 'A5515', 'A5516', 'A5517', 'A5207', 'A5208', 'A5209', 'A5232', 'A5231', 'A5237', 'A5235', 'A5704', 'A5240', 'A5154', 'A5152', 'A5061', 'A5073', 'A5055', 'N-0489', 'A5055', 'A5008', 'N-0460', 'A5008', 'A5006', 'A5004', 'A5080', 'A5102', 'A4200', 'N-0474', 'A4200', 'A5102', 'A5080', 'A5081', 'A5082', 'N-0492', 'A5145', 'N-0490', 'A5150', 'AN-1865', 'N-0455', 'AN-1866', 'N-0481', 'AN-1866', 'AN1866A', 'A5446', 'A5445', 'A5444', 'A5443', 'A5442', 'A5441', 'A5439', 'A5440', 'A5439', 'A5419', 'A5418', 'A5417', 'A5415', 'A5414', 'A5413', 'N-0493', 'N-0494', 'N-0495', 'N-0494', 'N-0496', 'N-0494', 'N-0493', 'A5411', 'A5410', 'A5401', 'A5388', 'A5105', 'A5386', 'A5385', 'A5384', 'A5452', 'A5453', 'A5452', 'A5384', 'A5374', 'A5373', 'A5372', 'A5336', 'A5335', 'A5331', 'A5330', 'A5337', 'A5336', 'A5372', 'A5373', 'A5374', 'A5375', 'A5377', 'A5375', 'A5376', 'A5375', 'A5378', 'A5379', 'A5378', 'A5380', 'A5381', 'A5382', 'A5383', 'A5382', 'A5381', 'A5380', 'A5378', 'A5375', 'A5374', 'A5384', 'A5385', 'A5386', 'A5387', 'A5386', 'A5105', 'A5397', 'A5398', 'A5397', 'A5399', 'A5400', 'A5399', 'A5397', 'A5105', 'A5388', 'A5392', 'A5393', 'A5394', 'A5393', 'A5392', 'A5395', 'A5396', 'A5395', 'A5392', 'A5388', 'A5389', 'A5391', 'A5389', 'A5390', 'A5389', 'A5388', 'A5401', 'A5402', 'A5403', 'A5404', 'A5403', 'A5405', 'A5406', 'A5407', 'A5406', 'A5408', 'A5406', 'A5405', 'A5409', 'A5410', 'A5411', 'A5412', 'A5411', 'N-0493', 'A5413', 'A5414', 'A5415', 'A5417', 'A5418', 'A5419', 'A5420', 'A5421', 'A5422', 'A5424', 'A5422', 'A5423', 'A5422', 'A5421', 'A5420', 'A5425', 'A5427', 'A5428', 'A5427', 'A5429', 'A5430', 'A5429', 'A5431', 'A5429', 'A5432', 'A5433', 'A5434', 'A5435', 'A5434', 'A5436', 'A5437', 'A5438', 'A2148', 'A5438', 'A5437', 'A5436', 'A5434', 'A5433', 'A5432', 'A5429', 'A5427', 'A5425', 'A5420', 'A5419', 'A5439', 'A5441', 'A5442', 'A5443', 'A5444', 'A5445', 'A5446', 'A5447', 'A5448', 'A5447', 'A5449', 'A5450', 'A5449', 'A5451', 'A5449', 'A5447', 'A5446', 'AN1866A', 'AN-1866', 'N-0455', 'AN-1865', 'A5150', 'N-0490', 'N-0491', 'N-0490', 'A5145', 'A5146', 'N-0480', 'A5146', 'A5145', 'N-0492', 'A5519', 'N-0458', 'A5519', 'N-0492', 'A5082', 'A5089', 'A5083', 'A5084', 'A5085', 'A5086', 'A5087', 'A5088', 'N-0479', 'A5088', 'A5087', 'A5081', 'A5080', 'A5004', 'A5077', 'A5069', 'A5076', 'A5074', 'N-0497', 'A5074', 'A5072', 'A5070', 'A5068', 'A5067', 'N-0457', 'A5067', 'A5066', 'A5064', 'A5063', 'A5060', 'A5061', 'A5152', 'A5153', 'A5152', 'A5154', 'A5240', 'A5704', 'A5703', 'A5229', 'A5703', 'A5229', 'A5703', 'A5229', 'A5703', 'A5229', 'A5703', 'A5229', 'A5703', 'A5229', 'A5703', 'A5229', 'A5703', 'A5229', 'A5703', 'A5229', 'A5703', 'A5229', 'A5703', 'A5229', 'A5703', 'A5229', 'A5703', 'A5229', 'A5703', 'A5229', 'A5703', 'A5229', 'A5703', 'A5229', 'A5703', 'A5229', 'A5703', 'A5229', 'A5703', 'A5229', 'A5703', 'A5229', 'A5703', 'A5229', 'A5703', 'A5229', 'A5703', 'A5229', 'A5703', 'A5229', 'A5703', 'A5229', 'A5703', 'A5229', 'A5703', 'A5229', 'A5703', 'A5229', 'A5703', 'A5229', 'A5703', 'A5229', 'A5703', 'A5229', 'A5703', 'A5229', 'A5703', 'A5229', 'A5703', 'A5229', 'A5703', 'A5229', 'A5703', 'A5229', 'A5703', 'A5229', 'A5703', 'A5229', 'A5703', 'A5229', 'A5703', 'A5229', 'A5703', 'A5229', 'A5703', 'A5229', 'A5703', 'A5229', 'A5703', 'A5229', 'A5703', 'A5229', 'A5703', 'A5229', 'A5703', 'A5229', 'A5703', 'A5229', 'A5703', 'A5229', 'A5703', 'A5229', 'A5703', 'A5229', 'A5703', 'A5229', 'A5703', 'A5229', 'A5703', 'A5229', 'A5703', 'A5229', 'A5703', 'A5229', 'A5703', 'A5229', 'A5703', 'A5229', 'A5703', 'A5229']"
18,A5175,"['A5175', 'A5172', 'A5171', 'A5170', 'A5171', 'A5172', 'A5175', 'A5172', 'A5171', 'A5172', 'A5173', 'A5174', 'A5173', 'A5172', 'A5175', 'A5172', 'A5171', 'A5170', 'A5171', 'A5172', 'A5173', 'A5174', 'A5173', 'A5172', 'A5175', 'A5172', 'A5171', 'A5170', 'A5168', 'A5900', 'A5176', 'A5706', 'A5177', 'A5705', 'A5179', 'A5159', 'A5163', 'A5217', 'A5216', 'A5218', 'A5221', 'A5222', 'A5229', 'A5703', 'A5230', 'A5231', 'A5232', 'A5231', 'A5230', 'A5231', 'A5230', 'A5703', 'A5227', 'A5234', 'A5233', 'A5232', 'A5209', 'A5208', 'A5204', 'A5203', 'A5503', 'A5206', 'A5207', 'A5517', 'A5207', 'A5208', 'A5209', 'A5232', 'A5231', 'A5237', 'A5235', 'A5704', 'A5240', 'A5154', 'A5161', 'A5226', 'A5225', 'A5222', 'A5223', 'A5224', 'A5158', 'A5163', 'A5159', 'A5156', 'A5702', 'A5161', 'A5154', 'A5152', 'A5061', 'A5073', 'A5072', 'A5074', 'A5076', 'A5069', 'A5068', 'A5070', 'A5071', 'A5070', 'A5072', 'A5073', 'A5055', 'N-0489', 'A5055', 'A5008', 'N-0460', 'A5008', 'A5006', 'A5004', 'A5080', 'A5102', 'A4200', 'N-0474', 'A4200', 'A5102', 'A5080', 'A5081', 'A5082', 'N-0492', 'A5145', 'N-0490', 'A5150', 'AN-1865', 'N-0455', 'AN-1866', 'N-0481', 'AN-1866', 'AN1866A', 'A5446', 'A5445', 'A5444', 'A5443', 'A5442', 'A5441', 'A5439', 'A5440', 'A5439', 'A5419', 'A5418', 'A5417', 'A5415', 'A5414', 'A5413', 'N-0493', 'N-0494', 'N-0495', 'N-0494', 'N-0496', 'N-0494', 'N-0493', 'A5411', 'A5410', 'A5401', 'A5388', 'A5105', 'A5386', 'A5385', 'A5384', 'A5452', 'A5453', 'A5454', 'A5455', 'A5456', 'A5457', 'A5458', 'A5459', 'A5455', 'A5454', 'A5460', 'A5454', 'A5483', 'A5461', 'A5462', 'A5461', 'A5483', 'A5482', 'A5484', 'A5485', 'A5484', 'A5482', 'A5476', 'A5475', 'A5468', 'A5467', 'A5466', 'A5453', 'A5454', 'A5455', 'A5456', 'A5457', 'A5458', 'A5459', 'A5455', 'A5454', 'A5460', 'A5454', 'A5483', 'A5461', 'A5462', 'A5461', 'A5483', 'A5482', 'A5484', 'A5485', 'A5484', 'A5482', 'A5476', 'A5475', 'A5468', 'A5467', 'A5466', 'A5453', 'A5452', 'A5384', 'A5374', 'A5373', 'A5372', 'A5336', 'A5335', 'A5331', 'A5330', 'A5337', 'A5336', 'A5372', 'A5373', 'A5374', 'A5375', 'A5377', 'A5375', 'A5376', 'A5375', 'A5378', 'A5379', 'A5378', 'A5380', 'A5381', 'A5382', 'A5383', 'A5382', 'A5381', 'A5380', 'A5378', 'A5375', 'A5374', 'A5384', 'A5385', 'A5386', 'A5387', 'A5386', 'A5105', 'A5397', 'A5398', 'A5397', 'A5399', 'A5400', 'A5399', 'A5397', 'A5105', 'A5388', 'A5392', 'A5393', 'A5394', 'A5393', 'A5392', 'A5395', 'A5396', 'A5395', 'A5392', 'A5388', 'A5389', 'A5391', 'A5389', 'A5390', 'A5389', 'A5388', 'A5401', 'A5402', 'A5403', 'A5404', 'A5403', 'A5405', 'A5406', 'A5407', 'A5406', 'A5408', 'A5406', 'A5405', 'A5409', 'A5410', 'A5411', 'A5412', 'A5411', 'N-0493', 'A5413', 'A5414', 'A5415', 'A5417', 'A5418', 'A5419', 'A5420', 'A5421', 'A5422', 'A5424', 'A5422', 'A5423', 'A5422', 'A5421', 'A5420', 'A5425', 'A5427', 'A5428', 'A5427', 'A5429', 'A5430', 'A5429', 'A5431', 'A5429', 'A5432', 'A5433', 'A5434', 'A5435', 'A5434', 'A5436', 'A5437', 'A5438', 'A2148', 'A5438', 'A5437', 'A5436', 'A5434', 'A5433', 'A5432', 'A5429', 'A5427', 'A5425', 'A5426', 'A5425', 'A5420', 'A5419', 'A5439', 'A5441', 'A5442', 'A5443', 'A5444', 'A5445', 'A5446', 'A5447', 'A5448', 'A5447', 'A5449', 'A5450', 'A5449', 'A5451', 'A5449', 'A5447', 'A5446', 'AN1866A', 'AN-1866', 'N-0455', 'AN-1865', 'A5150', 'N-0490', 'N-0491', 'N-0490', 'A5145', 'A5146', 'N-0480', 'A5146', 'A5145', 'N-0492', 'A5519', 'N-0458', 'A5519', 'N-0492', 'A5082', 'A5089', 'A5083', 'A5084', 'A5085', 'A5086', 'A5087', 'A5088', 'N-0479', 'A5088', 'A5087', 'A5081', 'A5080', 'A5004', 'A5077', 'A5069', 'A5076', 'A5074', 'N-0497', 'A5074', 'A5072', 'A5070', 'A5068', 'A5067', 'N-0457', 'A5067', 'A5066', 'A5064', 'A5063', 'A5060', 'A5061', 'A5152', 'A5153', 'A5152', 'A5154', 'A5240', 'A5704', 'A5235', 'A5237', 'A5238', 'A5239', 'A3007', 'A5239', 'A5238', 'A5237', 'A5231', 'A5230', 'A5703', 'A5230', 'A5231', 'A5232', 'A5233', 'A5234', 'A5227', 'A5214', 'A5215', 'A5218', 'A5216', 'A5220', 'A5223', 'A5222', 'A5221', 'A5218', 'A5215', 'A5214', 'A5227', 'A5703', 'A5229', 'A5222', 'A5225', 'A5226', 'A5161', 'A5702', 'A5156', 'N-0498', 'A5156', 'A5159', 'A5179', 'A5164', 'A5165', 'A5182', 'A5181', 'A5180', 'A5164', 'A5179', 'A5705', 'A5165', 'A5164', 'A5180', 'A5184', 'A5180', 'A5186', 'A5185', 'A5186', 'A5188', 'A5186', 'A5187', 'A5186', 'A5180', 'A5181', 'A5182', 'A5183', 'A5182', 'A5165', 'A5705', 'A5177', 'A5178', 'A5177', 'A5706', 'A5166', 'A5243', 'A5242', 'A5244', 'A5247', 'A5244', 'A5707', 'A5246', 'A5245', 'A5246', 'A5707', 'A5251', 'N-0512', 'A5251', 'A5250', 'A5252', 'A5253', 'A5254']"
19,A5175,"['A5175', 'A5172', 'A5175', 'A5172', 'A5171', 'A5170', 'A5168', 'A5169', 'A5168', 'A5169', 'A5168', 'A5169', 'A5168', 'A5169', 'A5168', 'A5169', 'A5168', 'A5169', 'A5168', 'A5169', 'A5168', 'A5169', 'A5168', 'A5169', 'A5168', 'A5169', 'A5168', 'A5169', 'A5168', 'A5169', 'A5168', 'A5900', 'A5176', 'A5706', 'A5177', 'A5705', 'A5179', 'A5159', 'A5163', 'A5217', 'A5216', 'A5218', 'A5221', 'A5222', 'A5229', 'A5703', 'A5230', 'A5231', 'A5232', 'A5231', 'A5232', 'A5231', 'A5237', 'A5235', 'A5704', 'A5240', 'A5154', 'A5161', 'A5226', 'A5225', 'A5222', 'A5225', 'A5226', 'A5161', 'A5702', 'A5156', 'N-0498', 'A5156', 'A5159', 'A5179', 'A5164', 'A5165', 'A5182', 'A5181', 'A5180', 'A5164', 'A5179', 'A5159', 'A5163', 'A5217', 'A5216', 'A5218', 'A5221', 'A5222', 'A5229', 'A5703', 'A5230', 'A5231', 'A5232', 'A5231', 'A5237', 'A5235', 'A5704', 'A5240', 'A5154', 'A5161', 'A5226', 'A5225', 'A5222', 'A5225', 'A5226', 'A5161', 'A5702', 'A5156', 'N-0498', 'A5156', 'A5159', 'A5179', 'A5164', 'A5165', 'A5182', 'A5181', 'A5180', 'A5164', 'A5179', 'A5705', 'A5165', 'A5164', 'A5165', 'A5182', 'A5181', 'A5180', 'A5164', 'A5180', 'A5184', 'A5180', 'A5186', 'A5185', 'A5186', 'A5188', 'A5186', 'A5187', 'A5186', 'A5180', 'A5181', 'A5182', 'A5183', 'A5182', 'A5165', 'A5705', 'A5177', 'A5178', 'A5177', 'A5706', 'A5166', 'A5243', 'A5242', 'A5244', 'A5247', 'A5244', 'A5707', 'A5246', 'A5245', 'A5246', 'A5707', 'A5251', 'N-0512', 'A5251', 'A5250', 'A5252', 'A5253', 'A5254', 'A5255', 'A5254', 'A5260', 'A5257', 'N-0509', 'A5257', 'A5256', 'A5253', 'A5252', 'A5265', 'A5263', 'A5261', 'A5259', 'A5256', 'A5257', 'A5260', 'A5254', 'A5253', 'A5256', 'A5259', 'A5261', 'N-0510', 'A5262', 'A5267', 'A5266', 'A5269', 'A5709', 'A5270', 'A5271', 'A5270', 'A5272', 'A5273', 'A5274', 'A5304', 'A5303', 'A5302', 'A5299', 'N-0508', 'A5299', 'A5298', 'A5297', 'A5296', 'A5295', 'A5294', 'A5292', 'A5291', 'A5290', 'A5289', 'A5288', 'A5287', 'A5286', 'A5284', 'A5282', 'A5281', 'N-0501', 'N-0500', 'N-0502', 'N-0504', 'N-0502', 'N-0506', 'N-0502', 'N-0500', 'A5280', 'A5520', 'A5278', 'A5277', 'A5274', 'A5273', 'A5272', 'A5270', 'A5709', 'A5305', 'A5307', 'A5349', 'A5347', 'A5346', 'A5310', 'A5355', 'A5350', 'A5352', 'A5351', 'A5352', 'A5353', 'A5354', 'A5353', 'A5355', 'A5356', 'A5358', 'A5359', 'A5361', 'A5363', 'A5362', 'A5365', 'A5368', 'A5369', 'A5366', 'A5365', 'A5362', 'A5359', 'A5358', 'A5356', 'A5357', 'A5356', 'A5355', 'A5310', 'A5309', 'N-2924', 'A5309', 'A5293', 'A5294', 'A5295', 'A5296', 'A5297', 'A5298', 'A5299', 'A5300', 'A5301', 'A5306', 'A5301', 'A5300', 'A5299', 'A5302', 'A5303', 'A5304', 'A5274', 'A5277', 'A5278', 'A5279', 'A5278', 'A5520', 'A5280', 'N-2923', 'N-0499', 'N-2923', 'N-2922', 'N-2923', 'A5280', 'N-0500', 'N-0501', 'N-0503', 'N-0507', 'N-0503', 'N-0505', 'N-0503', 'N-0501', 'A5281', 'A5283', 'A5281', 'A5282', 'A5284', 'A5285', 'A5284', 'A5286', 'A5287', 'A5288', 'A5289', 'A5290', 'A5291', 'A5292', 'A5293', 'A5309', 'A5310', 'A5346', 'A5311', 'A5346', 'AN-1868', 'A5312', 'A5313', 'A5315', 'A5316', 'A5321', 'A5320', 'A5319', 'A5324', 'A5322', 'A5321', 'A5316', 'A5317', 'A5318', 'A5319', 'A5320', 'A5321', 'A5316', 'A5317', 'A5318', 'A5319', 'A5320', 'A5321', 'A5322', 'A5323', 'A5322', 'A5324', 'A5319', 'A5318', 'A5326', 'A5327', 'A5345', 'A5344', 'A5340', 'A5339', 'A5338', 'A5337', 'A5330', 'A5331', 'A5332', 'A5333', 'A5334', 'A5335', 'A5336', 'A5337', 'A5338', 'A5339', 'A5338', 'A5337', 'A5330', 'A5331', 'A5332', 'A5333', 'A5334', 'A5335', 'A5336', 'A5337', 'A5338', 'A5339', 'A5341', 'A5342', 'A5341', 'A5339', 'A5343', 'A5339', 'A5338', 'A5337', 'A5330', 'A5331', 'A5332', 'A5333', 'A5334', 'A5335', 'A5336', 'A5337', 'A5338', 'A5339', 'A5341', 'A5342', 'A5341', 'A5339', 'A5343', 'A5339', 'A5340', 'A5344', 'A5345', 'A5312', 'A5345', 'A5327', 'A5326', 'A5318', 'A5317', 'A5316', 'A5315', 'A5313', 'A5312', 'A5345', 'A5327', 'A5326', 'A5318', 'A5317', 'A5316', 'A5315', 'A5313', 'A5312', 'A5345', 'A5327', 'A5326', 'A5318', 'A5317', 'A5316', 'A5315', 'A5313', 'A5312', 'A5345', 'A5327', 'A5326', 'A5318', 'A5317', 'A5316', 'A5315', 'A5313', 'A5312', 'A5345', 'A5327', 'A5326', 'A5318', 'A5317', 'A5316', 'A5315', 'A5313', 'A5312', 'A5345', 'A5327', 'A5326', 'A5318', 'A5317', 'A5316', 'A5315', 'A5313', 'A5312', 'A5345', 'A5327', 'A5326', 'A5318', 'A5317', 'A5316', 'A5315', 'A5313', 'A5312', 'A5345', 'A5327', 'A5326', 'A5318', 'A5317', 'A5316', 'A5315', 'A5313', 'A5312', 'A5345', 'A5327', 'A5326', 'A5318', 'A5317', 'A5316', 'A5315', 'A5313', 'A5312', 'A5345', 'A5327', 'A5326', 'A5318', 'A5317']"
20,A5175,"['A5175', 'A5172', 'A5173', 'A5172', 'A5175', 'A5172', 'A5173', 'A5172', 'A5175', 'A5172', 'A5171', 'A5172', 'A5173', 'A5174', 'A5173', 'A5172', 'A5175', 'A5172', 'A5171', 'A5170', 'A5171', 'A5172', 'A5173', 'A5174', 'A5173', 'A5172', 'A5175', 'A5172', 'A5171', 'A5170', 'A5168', 'A5169', 'A5168', 'A5900', 'A5176', 'A5706', 'A5177', 'A5705', 'A5179', 'A5159', 'A5163', 'A5217', 'A5216', 'A5218', 'A5221', 'A5222', 'A5229', 'A5703', 'A5230', 'A5703', 'A5227', 'A5234', 'A5233', 'A5232', 'A5209', 'A5208', 'A5204', 'A5203', 'A5503', 'A5206', 'A5207', 'A5517', 'A5502', 'A5517', 'A5502', 'A5517', 'A5516', 'A5509', 'A5510', 'A5509', 'A5511', 'A5513', 'A5511', 'A5514', 'A5700', 'A5701', 'A5700', 'A5514', 'AN-1871', 'A5514', 'A5511', 'A5509', 'A5510', 'A5509', 'A5511', 'A5509', 'A5516', 'A5515', 'A5516', 'A5517', 'A5207', 'A5208', 'A5209', 'A5232', 'A5231', 'A5237', 'A5235', 'A5704', 'A5240', 'A5154', 'A5161', 'A5226', 'A5225', 'A5222', 'A5223', 'A5224', 'A5158', 'A5163', 'A5159', 'A5156', 'A5159', 'A5179', 'A5159', 'A5163', 'A5217', 'A5216', 'A5220', 'A5223', 'A5222', 'A5225', 'A5226', 'A5161', 'A5154', 'A5240', 'A5704', 'A5703', 'A5227', 'A5234', 'A5233', 'A5232', 'A5209', 'A5208', 'A5204', 'A5203', 'A5503', 'A5206', 'A5207', 'A5517', 'A5502', 'A5517', 'A5516', 'A5509', 'A5510', 'A5509', 'A5511', 'A5513', 'A5511', 'A5514', 'A5700', 'A5701', 'A5700', 'A5514', 'AN-1871', 'A5514', 'A5511', 'A5509', 'A5516', 'A5515', 'A5516', 'A5517', 'A5207', 'A5208', 'A5209', 'A5232', 'A5231', 'A5237', 'A5235', 'A5704', 'A5240', 'A5154', 'A5161', 'A5226', 'A5225', 'A5222', 'A5223', 'A5224', 'A5158', 'A5163', 'A5159', 'A5156', 'A5702', 'A5161', 'A5154', 'A5152', 'A5061', 'A5073', 'A5072', 'A5074', 'A5076', 'A5069', 'A5068', 'A5070', 'A5071', 'A5070', 'A5072', 'A5073', 'A5055', 'N-0489', 'A5055', 'A5008', 'N-0460', 'A5008', 'A5006', 'A5004', 'A5080', 'A5102', 'A4200', 'N-0474', 'A4200', 'A5102', 'A5080', 'A5081', 'A5082', 'N-0492', 'A5145', 'N-0490', 'A5150', 'AN-1865', 'N-0455', 'AN-1866', 'N-0481', 'AN-1866', 'AN1866A', 'A5446', 'A5445', 'A5444', 'A5443', 'A5442', 'A5441', 'A5439', 'A5440', 'A5439', 'A5419', 'A5418', 'A5417', 'A5415', 'A5414', 'A5413', 'N-0493', 'N-0494', 'N-0495', 'N-0494', 'N-0496', 'N-0494', 'N-0493', 'A5411', 'A5410', 'A5401', 'A5388', 'A5105', 'A5386', 'A5385', 'A5384', 'A5452', 'A5453', 'A5454', 'A5455', 'A5456', 'A5457', 'A5458', 'A5459', 'A5455', 'A5454', 'A5460', 'A5454', 'A5483', 'A5461', 'A5462', 'A5461', 'A5483', 'A5482', 'A5484', 'A5485', 'A5484', 'A5482', 'A5476', 'A5475', 'A5468', 'A5467', 'A5466', 'A5453', 'A5452', 'A5384', 'A5374', 'A5373', 'A5372', 'A5336', 'A5335', 'A5331', 'A5330', 'A5337', 'A5336', 'A5372', 'A5373', 'A5374', 'A5375', 'A5377', 'A5375', 'A5376', 'A5375', 'A5378', 'A5379', 'A5378', 'A5380', 'A5381', 'A5382', 'A5383', 'A5382', 'A5381', 'A5380', 'A5378', 'A5375', 'A5374', 'A5384', 'A5385', 'A5386', 'A5387', 'A5386', 'A5105', 'A5397', 'A5398', 'A5397', 'A5399', 'A5400', 'A5399', 'A5397', 'A5105', 'A5388', 'A5392', 'A5393', 'A5394', 'A5393', 'A5392', 'A5395', 'A5396', 'A5395', 'A5392', 'A5388', 'A5389', 'A5391', 'A5389', 'A5390', 'A5389', 'A5388', 'A5401', 'A5402', 'A5403', 'A5404', 'A5403', 'A5405', 'A5406', 'A5407', 'A5406', 'A5408', 'A5406', 'A5405', 'A5409', 'A5410', 'A5411', 'A5412', 'A5411', 'N-0493', 'A5413', 'A5414', 'A5415', 'A5417', 'A5418', 'A5419', 'A5420', 'A5421', 'A5422', 'A5424', 'A5422', 'A5423', 'A5422', 'A5421', 'A5420', 'A5425', 'A5427', 'A5428', 'A5427', 'A5429', 'A5430', 'A5429', 'A5431', 'A5429', 'A5432', 'A5433', 'A5434', 'A5435', 'A5434', 'A5436', 'A5437', 'A5438', 'A2148', 'A5438', 'A5437', 'A5436', 'A5434', 'A5433', 'A5432', 'A5429', 'A5427', 'A5425', 'A5426', 'A5425', 'A5420', 'A5419', 'A5439', 'A5441', 'A5442', 'A5443', 'A5444', 'A5445', 'A5446', 'A5447', 'A5448', 'A5447', 'A5449', 'A5450', 'A5449', 'A5451', 'A5449', 'A5447', 'A5446', 'AN1866A', 'AN-1866', 'N-0455', 'AN-1865', 'A5150', 'N-0490', 'N-0491', 'N-0490', 'A5145', 'A5146', 'N-0480', 'A5146', 'A5145', 'N-0492', 'A5519', 'N-0458', 'A5519', 'N-0492', 'A5082', 'A5089', 'A5083', 'A5084', 'A5085', 'A5086', 'A5087', 'A5088', 'N-0479', 'A5088', 'A5087', 'A5081', 'A5080', 'A5004', 'A5077', 'A5069', 'A5076', 'A5074', 'N-0497', 'A5074', 'A5072', 'A5070', 'A5068', 'A5067', 'N-0457', 'A5067', 'A5066', 'A5064', 'A5063', 'A5060', 'A5061', 'A5152', 'A5153', 'A5152', 'A5154', 'A5240', 'A5704', 'A5703', 'A5230', 'A5231', 'A5232', 'A5233', 'A5234', 'A5227', 'A5214', 'A5215', 'A5218', 'A5216', 'A5220', 'A5223', 'A5222', 'A5221', 'A5218', 'A5215', 'A5214', 'A5227', 'A5703']"
21,A5175,"['A5175', 'A5172', 'A5171', 'A5172', 'A5173', 'A5174', 'A5173', 'A5174', 'A5173', 'A5172', 'A5175', 'A5172', 'A5171', 'A5172', 'A5173', 'A5174', 'A5173', 'A5172', 'A5175', 'A5172', 'A5171', 'A5170', 'A5171', 'A5172', 'A5173', 'A5174', 'A5173', 'A5172', 'A5175', 'A5172', 'A5171', 'A5170', 'A5168', 'A5169', 'A5168', 'A5900', 'A5176', 'A5706', 'A5177', 'A5705', 'A5179', 'A5159', 'A5163', 'A5217', 'A5216', 'A5218', 'A5221', 'A5222', 'A5229', 'A5703', 'A5229', 'A5222', 'A5221', 'A5218', 'A5215', 'A5214', 'A5227', 'A5703', 'A5229', 'A5222', 'A5221', 'A5218', 'A5215', 'A5214', 'A5227', 'A5703', 'A5227', 'A5234', 'A5233', 'A5232', 'A5209', 'A5208', 'A5204', 'A5203', 'A5503', 'A5206', 'A5207', 'A5517', 'A5502', 'A5517', 'A5516', 'A5509', 'A5511', 'A5513', 'A5511', 'A5513', 'A5511', 'A5514', 'A5700', 'A5701', 'A5700', 'A5514', 'AN-1871', 'A5514', 'A5511', 'A5509', 'A5516', 'A5515', 'A5516', 'A5517', 'A5207', 'A5208', 'A5209', 'A5232', 'A5231', 'A5237', 'A5235', 'A5704', 'A5240', 'A5154', 'A5161', 'A5226', 'A5225', 'A5222', 'A5223', 'A5224', 'A5158', 'A5163', 'A5159', 'A5156', 'A5702', 'A5161', 'A5226', 'A5225', 'A5222', 'A5225', 'A5226', 'A5161', 'A5702', 'A5156', 'N-0498', 'A5156', 'A5159', 'A5179', 'A5164', 'A5165', 'A5182', 'A5181', 'A5180', 'A5164', 'A5179', 'A5705', 'A5165', 'A5164', 'A5180', 'A5184', 'A5180', 'A5186', 'A5180', 'A5181', 'A5180', 'A5164', 'A5179', 'A5705', 'A5165', 'A5164', 'A5180', 'A5184', 'A5180', 'A5164', 'A5179', 'A5705', 'A5165', 'A5164', 'A5180', 'A5184', 'A5180', 'A5186', 'A5180', 'A5181', 'A5182', 'A5183', 'A5182', 'A5165', 'A5705', 'A5177', 'A5178', 'A5177', 'A5706', 'A5166', 'A5243', 'A5242', 'A5244', 'A5247', 'A5244', 'A5707', 'A5246', 'A5245', 'A5246', 'A5707', 'A5251', 'N-0512', 'A5251', 'A5250', 'A5252', 'A5253', 'A5254', 'A5255', 'A5254', 'A5260', 'A5257', 'N-0509', 'A5257', 'A5256', 'A5253', 'A5252', 'A5265', 'A5263', 'A5261', 'A5259', 'A5256', 'A5257', 'A5260', 'A5254', 'A5253', 'A5256', 'A5259', 'A5261', 'N-0510', 'A5262', 'A5267', 'A5266', 'A5269', 'A5709', 'A5270', 'A5271', 'A5270', 'A5272', 'A5273', 'A5274', 'A5304', 'A5303', 'A5302', 'A5299', 'N-0508', 'A5299', 'A5298', 'A5297', 'A5296', 'A5295', 'A5294', 'A5292', 'A5291', 'A5290', 'A5289', 'A5288', 'A5287', 'A5286', 'A5284', 'A5282', 'A5281', 'A5282', 'A5284', 'A5285', 'A5284', 'A5285', 'A5284', 'A5286', 'A5287', 'A5288', 'A5289', 'A5288', 'A5287', 'A5286', 'A5284', 'A5282', 'A5281', 'N-0501', 'N-0500', 'N-0502', 'N-0504', 'N-0502', 'N-0506', 'N-0502', 'N-0500', 'A5280', 'A5520', 'A5278', 'A5277', 'A5274', 'A5273', 'A5272', 'A5270', 'A5709', 'A5305', 'A5307', 'A5349', 'A5347', 'A5346', 'A5310', 'A5355', 'A5350', 'A5352', 'A5351', 'A5352', 'A5353', 'A5354', 'A5353', 'A5355', 'A5356', 'A5358', 'A5359', 'A5361', 'A5363', 'A5362', 'A5365', 'A5368', 'A5369', 'A5366', 'A5365', 'A5362', 'A5359', 'A5358', 'A5356', 'A5357', 'A5356', 'A5355', 'A5350', 'A5352', 'A5351', 'A5352', 'A5353', 'A5354', 'A5353', 'A5355', 'A5356', 'A5355', 'A5310', 'A5309', 'N-2924', 'A5309', 'A5293', 'A5294', 'A5293', 'A5292', 'A5294', 'A5293', 'A5292', 'A5294', 'A5293', 'A5292', 'A5294', 'A5293', 'A5292', 'A5294', 'A5293', 'A5292', 'A5294', 'A5293', 'A5292', 'A5294', 'A5293', 'A5309', 'A5310', 'A5346', 'A5311', 'A5346', 'AN-1868', 'A5350', 'A5355', 'A5353', 'A5352', 'A5350', 'AN-1868', 'A5312', 'A5313', 'A5315', 'A5316', 'A5321', 'A5320', 'A5319', 'A5324', 'A5322', 'A5321', 'A5316', 'A5317', 'A5318', 'A5319', 'A5320', 'A5321', 'A5322', 'A5323', 'A5322', 'A5324', 'A5319', 'A5318', 'A5326', 'A5327', 'A5345', 'A5344', 'A5340', 'A5339', 'A5341', 'A5342', 'A5341', 'A5339', 'A5343', 'A5339', 'A5340', 'A5344', 'A5345', 'A5312', 'AN-1868', 'A5346', 'A5310', 'A5355', 'A5350', 'A5352', 'A5351', 'A5352', 'A5353', 'A5354', 'A5353', 'A5355', 'A5356', 'A5358', 'A5359', 'A5361', 'A5363', 'A5362', 'A5365', 'A5368', 'A5369', 'A5366', 'A5365', 'A5362', 'A5359', 'A5358', 'A5356', 'A5357', 'A5356', 'A5355', 'A5310', 'A5309', 'N-2924', 'A5309', 'A5293', 'A5294', 'A5295', 'A5296', 'A5297', 'A5298', 'A5299', 'A5300', 'A5301', 'A5306', 'A5301', 'A5300', 'A5299', 'A5302', 'A5303', 'A5304', 'A5274', 'A5277', 'A5278', 'A5279', 'A5278', 'A5520', 'A5280', 'N-2923', 'N-0499', 'N-2923', 'N-2922', 'N-2923', 'A5280', 'N-0500', 'N-0501', 'N-0503', 'N-0507', 'N-0503', 'N-0505', 'N-0503', 'N-0501', 'A5281', 'A5283', 'A5281', 'A5282', 'A5284', 'A5285', 'A5284', 'A5286', 'A5287', 'A5288', 'A5289', 'A5290', 'A5291', 'A5292', 'A5293', 'A5309', 'A5310', 'A5346', 'A5311', 'A5346', 'AN-1868', 'A5350', 'A5355', 'A5353', 'A5352', 'A5350', 'AN-1868']"
22,A5175,"['A5175', 'A5172', 'A5175', 'A5172', 'A5171', 'A5172', 'A5171', 'A5170', 'A5168', 'A5170', 'A5168', 'A5170', 'A5168', 'A5170', 'A5168', 'A5170', 'A5168', 'A5170', 'A5168', 'A5170', 'A5168', 'A5170', 'A5168', 'A5170', 'A5171', 'A5172', 'A5173', 'A5174', 'A5173', 'A5172', 'A5175', 'A5172', 'A5171', 'A5170', 'A5168', 'A5169', 'A5168', 'A5900', 'A5176', 'A5706', 'A5177', 'A5705', 'A5179', 'A5159', 'A5163', 'A5217', 'A5216', 'A5218', 'A5221', 'A5222', 'A5229', 'A5703', 'A5229', 'A5222', 'A5221', 'A5218', 'A5215', 'A5214', 'A5227', 'A5703', 'A5229', 'A5222', 'A5225', 'A5226', 'A5161', 'A5702', 'A5156', 'A5159', 'A5179', 'A5164', 'A5165', 'A5182', 'A5181', 'A5180', 'A5164', 'A5179', 'A5705', 'A5165', 'A5164', 'A5180', 'A5184', 'A5180', 'A5164', 'A5179', 'A5159', 'A5163', 'A5217', 'A5216', 'A5220', 'A5223', 'A5222', 'A5225', 'A5226', 'A5161', 'A5702', 'A5156', 'N-0498', 'A5156', 'A5159', 'A5179', 'A5164', 'A5165', 'A5182', 'A5181', 'A5180', 'A5164', 'A5165', 'A5182', 'A5181', 'A5180', 'A5164', 'A5179', 'A5164', 'A5165', 'A5182', 'A5181', 'A5180', 'A5164', 'A5180', 'A5184', 'A5180', 'A5186', 'A5185', 'A5186', 'A5188', 'A5190', 'A5191', 'A5190', 'A5192', 'A5193', 'A5194', 'A5195', 'A5198', 'A5199', 'A5200', 'A5199', 'A5201', 'A5202', 'A5201', 'A5503', 'A5203', 'A5204', 'A5205', 'A5204', 'A5208', 'A5207', 'A5206', 'A5503', 'A5196', 'A5195', 'A5194', 'A5193', 'A5199', 'A5198', 'A5195', 'A5196', 'A5197', 'A5196', 'A5503', 'A5201', 'A5199', 'A5193', 'A5192', 'A5190', 'A5188', 'A5186', 'A5187', 'A5186', 'A5185', 'A5186', 'A5188', 'A5190', 'A5191', 'A5190', 'A5192', 'A5193', 'A5192', 'A5190', 'A5188', 'A5189', 'A5188', 'A5186', 'A5187', 'A5186', 'A5180', 'A5181', 'A5182', 'A5183', 'A5182', 'A5165', 'A5705', 'A5177', 'A5178', 'A5177', 'A5706', 'A5166', 'A5243', 'A5242', 'A5244', 'A5247', 'A5244', 'A5707', 'A5246', 'A5245', 'A5246', 'A5707', 'A5251', 'N-0512', 'A5251', 'A5250', 'A5252', 'A5253', 'A5254', 'A5255', 'A5254', 'A5260', 'A5257', 'N-0509', 'A5257', 'A5256', 'A5253', 'A5254', 'A5255', 'A5254', 'A5260', 'A5257', 'N-0509', 'A5257', 'A5260', 'A5254', 'A5253', 'A5256', 'A5253', 'A5252', 'A5265', 'A5263', 'A5261', 'A5259', 'A5256', 'A5257', 'A5260', 'A5254', 'A5253', 'A5256', 'A5259', 'A5261', 'N-0510', 'A5262', 'A5267', 'A5266', 'A5269', 'A5709', 'A5270', 'A5271', 'A5270', 'A5272', 'A5273', 'A5274', 'A5304', 'A5303', 'A5302', 'A5299', 'N-0508', 'A5299', 'A5298', 'A5297', 'A5296', 'A5295', 'A5294', 'A5292', 'A5291', 'A5290', 'A5289', 'A5288', 'A5287', 'A5286', 'A5284', 'A5282', 'A5281', 'N-0501', 'N-0500', 'N-0502', 'N-0504', 'N-0502', 'N-0506', 'N-0502', 'N-0500', 'A5280', 'A5520', 'A5278', 'A5277', 'A5274', 'A5273', 'A5272', 'A5270', 'A5709', 'A5305', 'A5307', 'A5349', 'A5347', 'A5346', 'A5310', 'A5355', 'A5350', 'A5352', 'A5351', 'A5352', 'A5353', 'A5354', 'A5353', 'A5355', 'A5356', 'A5358', 'A5359', 'A5361', 'A5363', 'A5362', 'A5365', 'A5368', 'A5369', 'A5366', 'A5365', 'A5362', 'A5359', 'A5358', 'A5356', 'A5358', 'A5359', 'A5361', 'A5363', 'A5362', 'A5365', 'A5368', 'A5369', 'A5366', 'A5365', 'A5362', 'A5359', 'A5358', 'A5356', 'A5357', 'A5356', 'A5355', 'A5310', 'A5309', 'N-2924', 'A5309', 'A5293', 'A5294', 'A5295', 'A5296', 'A5297', 'A5298', 'A5299', 'A5300', 'A5301', 'A5306', 'A5301', 'A5300', 'A5299', 'A5302', 'A5303', 'A5304', 'A5274', 'A5277', 'A5278', 'A5279', 'A5278', 'A5520', 'A5280', 'N-2923', 'N-0499', 'N-2923', 'N-2922', 'N-2923', 'A5280', 'N-0500', 'N-0501', 'N-0503', 'N-0507', 'N-0503', 'N-0505', 'N-0503', 'N-0501', 'A5281', 'A5283', 'A5281', 'A5282', 'A5284', 'A5285', 'A5284', 'A5286', 'A5287', 'A5288', 'A5289', 'A5290', 'A5291', 'A5292', 'A5291', 'A5290', 'A5289', 'A5288', 'A5287', 'A5286', 'A5284', 'A5282', 'A5281', 'N-0501', 'N-0500', 'N-0502', 'N-0504', 'N-0502', 'N-0506', 'N-0502', 'N-0500', 'A5280', 'A5520', 'A5278', 'A5279', 'A5278', 'A5520', 'A5280', 'N-2923', 'N-0499', 'N-2923', 'N-2922', 'N-2923', 'A5280', 'N-0500', 'N-0501', 'N-0503', 'N-0507', 'N-0503', 'N-0505', 'N-0503', 'N-0501', 'A5281', 'A5283', 'A5281', 'A5282', 'A5284', 'A5285', 'A5284', 'A5286', 'A5287', 'A5288', 'A5289', 'A5290', 'A5291', 'A5292', 'A5293', 'A5309', 'A5310', 'A5346', 'A5311', 'A5346', 'AN-1868', 'A5350', 'A5355', 'A5353', 'A5352', 'A5350', 'AN-1868', 'A5312', 'A5313', 'A5315', 'A5316', 'A5321', 'A5320', 'A5319', 'A5324', 'A5322', 'A5321', 'A5316', 'A5321', 'A5320', 'A5319', 'A5324', 'A5322', 'A5321', 'A5316', 'A5317', 'A5318', 'A5319', 'A5320', 'A5321', 'A5322', 'A5323', 'A5322', 'A5324', 'A5319', 'A5318', 'A5326', 'A5327', 'A5345', 'A5344', 'A5340', 'A5339', 'A5338', 'A5337']"
23,A5175,"['A5175', 'A5172', 'A5173', 'A5174', 'A5173', 'A5172', 'A5175', 'A5172', 'A5173', 'A5174', 'A5173', 'A5172', 'A5175', 'A5172', 'A5171', 'A5172', 'A5173', 'A5174', 'A5173', 'A5172', 'A5175', 'A5172', 'A5171', 'A5170', 'A5168', 'A5170', 'A5171', 'A5172', 'A5173', 'A5174', 'A5173', 'A5172', 'A5175', 'A5172', 'A5171', 'A5170', 'A5168', 'A5169', 'A5168', 'A5900', 'A5176', 'A5706', 'A5177', 'A5705', 'A5179', 'A5159', 'A5163', 'A5217', 'A5216', 'A5218', 'A5221', 'A5222', 'A5229', 'A5703', 'A5230', 'A5231', 'A5232', 'A5233', 'A5234', 'A5227', 'A5234', 'A5227', 'A5234', 'A5233', 'A5232', 'A5209', 'A5208', 'A5204', 'A5203', 'A5503', 'A5206', 'A5207', 'A5517', 'A5502', 'A5517', 'A5516', 'A5509', 'A5511', 'A5513', 'A5511', 'A5513', 'A5511', 'A5514', 'A5700', 'A5701', 'A5700', 'A5514', 'AN-1871', 'A5514', 'A5511', 'A5509', 'A5511', 'A5513', 'A5511', 'A5513', 'A5511', 'A5514', 'A5700', 'A5701', 'A5700', 'A5514', 'AN-1871', 'A5514', 'A5511', 'A5509', 'A5511', 'A5513', 'A5511', 'A5513', 'A5511', 'A5514', 'A5700', 'A5701', 'A5700', 'A5514', 'AN-1871', 'A5514', 'A5511', 'A5509', 'A5516', 'A5515', 'A5516', 'A5517', 'A5207', 'A5208', 'A5209', 'A5232', 'A5231', 'A5237', 'A5235', 'A5704', 'A5240', 'A5154', 'A5161', 'A5226', 'A5225', 'A5222', 'A5225', 'A5226', 'A5161', 'A5702', 'A5156', 'N-0498', 'A5156', 'A5159', 'A5179', 'A5164', 'A5165', 'A5182', 'A5181', 'A5182', 'A5183', 'A5182', 'A5165', 'A5705', 'A5177', 'A5178', 'A5177', 'A5706', 'A5166', 'A5243', 'A5242', 'A5244', 'A5247', 'A5244', 'A5707', 'A5246', 'A5245', 'A5246', 'A5707', 'A5251', 'N-0512', 'A5251', 'A5250', 'A5252', 'A5253', 'A5254', 'A5255', 'A5254', 'A5255', 'A5254', 'A5260', 'A5257', 'N-0509', 'A5257', 'A5256', 'A5253', 'A5252', 'A5265', 'A5263', 'A5261', 'A5259', 'A5256', 'A5257', 'A5260', 'A5254', 'A5253', 'A5256', 'A5259', 'A5261', 'N-0510', 'A5262', 'A5267', 'A5266', 'A5269', 'A5709', 'A5270', 'A5271', 'A5270', 'A5272', 'A5273', 'A5274', 'A5304', 'A5303', 'A5302', 'A5299', 'N-0508', 'A5299', 'A5298', 'A5297', 'A5296', 'A5295', 'A5296', 'A5297', 'A5298', 'A5299', 'A5300', 'A5301', 'A5306', 'A5301', 'A5300', 'A5299', 'A5302', 'A5303', 'A5304', 'A5274', 'A5277', 'A5278', 'A5279', 'A5278', 'A5520', 'A5280', 'A5520', 'A5278', 'A5277', 'A5274', 'A5273', 'A5272', 'A5270', 'A5709', 'A5305', 'A5307', 'A5349', 'A5347', 'A5346', 'A5310', 'A5355', 'A5350', 'A5352', 'A5351', 'A5352', 'A5353', 'A5354', 'A5353', 'A5355', 'A5356', 'A5358', 'A5359', 'A5361', 'A5363', 'A5362', 'A5365', 'A5368', 'A5369', 'A5366', 'A5365', 'A5362', 'A5359', 'A5358', 'A5356', 'A5357', 'A5356', 'A5355', 'A5310', 'A5309', 'N-2924', 'A5309', 'A5293', 'A5294', 'A5295', 'A5296', 'A5297', 'A5298', 'A5299', 'A5300', 'A5301', 'A5306', 'A5301', 'A5300', 'A5299', 'A5302', 'A5303', 'A5304', 'A5274', 'A5277', 'A5278', 'A5279', 'A5278', 'A5277', 'A5274', 'A5273', 'A5272', 'A5270', 'A5709', 'A5305', 'A5307', 'A5349', 'A5347', 'A5346', 'A5310', 'A5355', 'A5350', 'A5352', 'A5351', 'A5352', 'A5353', 'A5354', 'A5353', 'A5355', 'A5356', 'A5358', 'A5359', 'A5361', 'A5363', 'A5362', 'A5365', 'A5368', 'A5369', 'A5366', 'A5365', 'A5362', 'A5359', 'A5358', 'A5356', 'A5357', 'A5356', 'A5358', 'A5359', 'A5361', 'A5363', 'A5362', 'A5365', 'A5368', 'A5369', 'A5366', 'A5365', 'A5362', 'A5359', 'A5358', 'A5356', 'A5357', 'A5356', 'A5355', 'A5310', 'A5309', 'N-2924', 'A5309', 'A5293', 'A5294', 'A5293', 'A5292', 'A5294', 'A5293', 'A5292', 'A5294', 'A5293', 'A5292', 'A5294', 'A5293', 'A5292', 'A5294', 'A5293', 'A5292', 'A5294', 'A5293', 'A5292', 'A5294', 'A5293', 'A5292', 'A5294', 'A5293', 'A5292', 'A5294', 'A5293', 'A5292', 'A5294', 'A5293', 'A5292', 'A5293', 'A5309', 'A5310', 'A5346', 'A5311', 'A5346', 'A5311', 'A5346', 'AN-1868', 'A5350', 'A5355', 'A5353', 'A5354', 'A5353', 'A5355', 'A5356', 'A5358', 'A5359', 'A5361', 'A5363', 'A5362', 'A5365', 'A5368', 'A5369', 'A5366', 'A5365', 'A5362', 'A5359', 'A5358', 'A5356', 'A5357', 'A5356', 'A5355', 'A5350', 'A5352', 'A5351', 'A5352', 'A5353', 'A5354', 'A5353', 'A5355', 'A5356', 'A5358', 'A5359', 'A5361', 'A5363', 'A5362', 'A5365', 'A5368', 'A5369', 'A5366', 'A5365', 'A5362', 'A5359', 'A5358', 'A5356', 'A5357', 'A5356', 'A5355', 'A5310', 'A5309', 'N-2924', 'A5309', 'A5293', 'A5294', 'A5295', 'A5296', 'A5297', 'A5298', 'A5299', 'A5300', 'A5301', 'A5306', 'A5301', 'A5300', 'A5299', 'A5302', 'A5303', 'A5304', 'A5274', 'A5277', 'A5278', 'A5279', 'A5278', 'A5520', 'A5280', 'N-2923', 'N-0499', 'N-2923', 'N-2922', 'N-2923', 'A5280', 'N-0500', 'N-0501', 'N-0503', 'N-0507', 'N-0503', 'N-0505', 'N-0503', 'N-0501', 'A5281', 'A5283']"
24,A5175,"['A5175', 'A5172', 'A5171', 'A5170', 'A5168', 'A5900', 'A5176', 'A5706', 'A5177', 'A5705', 'A5179', 'A5159', 'A5163', 'A5217', 'A5216', 'A5218', 'A5221', 'A5222', 'A5229', 'A5703', 'A5230', 'A5231', 'A5232', 'A5233', 'A5234', 'A5227', 'A5214', 'A5215', 'A5218', 'A5216', 'A5220', 'A5223', 'A5222', 'A5221', 'A5218', 'A5216', 'A5220', 'A5223', 'A5222', 'A5221', 'A5218', 'A5216', 'A5220', 'A5223', 'A5222', 'A5229', 'A5703', 'A5229', 'A5703', 'A5229', 'A5703', 'A5229', 'A5703', 'A5229', 'A5703', 'A5229', 'A5703', 'A5229', 'A5703', 'A5229', 'A5703', 'A5229', 'A5703', 'A5229', 'A5703', 'A5229', 'A5703', 'A5229', 'A5703', 'A5229', 'A5703', 'A5229', 'A5703', 'A5229', 'A5703', 'A5229', 'A5703', 'A5229', 'A5703', 'A5229', 'A5703', 'A5229', 'A5703', 'A5229', 'A5703', 'A5229', 'A5703', 'A5229', 'A5703', 'A5229', 'A5703', 'A5229', 'A5703', 'A5229', 'A5703', 'A5229', 'A5703', 'A5229', 'A5703', 'A5229', 'A5703', 'A5229', 'A5703', 'A5229', 'A5703', 'A5229', 'A5703', 'A5229', 'A5703', 'A5229', 'A5703', 'A5229', 'A5703', 'A5229', 'A5703', 'A5229', 'A5703', 'A5229', 'A5703', 'A5229', 'A5703', 'A5229', 'A5703', 'A5229', 'A5703', 'A5229', 'A5703', 'A5229', 'A5703', 'A5229', 'A5703', 'A5229', 'A5703', 'A5229', 'A5703', 'A5229', 'A5703', 'A5229', 'A5703', 'A5229', 'A5703', 'A5229', 'A5703', 'A5229', 'A5703', 'A5229', 'A5703', 'A5229', 'A5703', 'A5229', 'A5703', 'A5229', 'A5703', 'A5229', 'A5703', 'A5229', 'A5703', 'A5229', 'A5703', 'A5229', 'A5703', 'A5229', 'A5703', 'A5229', 'A5703', 'A5229', 'A5703', 'A5229', 'A5703', 'A5229', 'A5703', 'A5229', 'A5703', 'A5229', 'A5703', 'A5229', 'A5703', 'A5229', 'A5703', 'A5229', 'A5703', 'A5229', 'A5703', 'A5229', 'A5703', 'A5229', 'A5703', 'A5229', 'A5703', 'A5229', 'A5703', 'A5229', 'A5703', 'A5229', 'A5703', 'A5229', 'A5703', 'A5229', 'A5703', 'A5229', 'A5703', 'A5229', 'A5703', 'A5229', 'A5703', 'A5229', 'A5703', 'A5229', 'A5703', 'A5229', 'A5703', 'A5229', 'A5703', 'A5229', 'A5703', 'A5229', 'A5703', 'A5229', 'A5703', 'A5229', 'A5703', 'A5229', 'A5703', 'A5229', 'A5703', 'A5229', 'A5703', 'A5229', 'A5703', 'A5229', 'A5703', 'A5229', 'A5703', 'A5229', 'A5703', 'A5229', 'A5703', 'A5229', 'A5703', 'A5229', 'A5703', 'A5229', 'A5703', 'A5229', 'A5703', 'A5229', 'A5703', 'A5229', 'A5703', 'A5229', 'A5703', 'A5229', 'A5703', 'A5229', 'A5703', 'A5229', 'A5703', 'A5229', 'A5703', 'A5229', 'A5703', 'A5229', 'A5703', 'A5229', 'A5703', 'A5229', 'A5703', 'A5229', 'A5703', 'A5229', 'A5703', 'A5229', 'A5703', 'A5229', 'A5703', 'A5229', 'A5703', 'A5229', 'A5703', 'A5229', 'A5703', 'A5229', 'A5703', 'A5229', 'A5703', 'A5229', 'A5703', 'A5229', 'A5703', 'A5229', 'A5703', 'A5229', 'A5703', 'A5229', 'A5703', 'A5229', 'A5703', 'A5229', 'A5703', 'A5229', 'A5703', 'A5229', 'A5703', 'A5229', 'A5703', 'A5229', 'A5703', 'A5229', 'A5703', 'A5229', 'A5703', 'A5229', 'A5703', 'A5229', 'A5703', 'A5229', 'A5703', 'A5229', 'A5703', 'A5229', 'A5703', 'A5229', 'A5703', 'A5229', 'A5703', 'A5229', 'A5703', 'A5229', 'A5703', 'A5229', 'A5703', 'A5229', 'A5703', 'A5229', 'A5703', 'A5229', 'A5703', 'A5229', 'A5703', 'A5229', 'A5703', 'A5229', 'A5703', 'A5229', 'A5703', 'A5229', 'A5703', 'A5229', 'A5703', 'A5229', 'A5703', 'A5229', 'A5703', 'A5229', 'A5703', 'A5229', 'A5703', 'A5229', 'A5703', 'A5229', 'A5703', 'A5229', 'A5703', 'A5229', 'A5703', 'A5229', 'A5703', 'A5229', 'A5703', 'A5229', 'A5703', 'A5229', 'A5703', 'A5229', 'A5703', 'A5229', 'A5703', 'A5229', 'A5703', 'A5229', 'A5703', 'A5229', 'A5703', 'A5230', 'A5231', 'A5232', 'A5233', 'A5234', 'A5227', 'A5214', 'A5215', 'A5218', 'A5216', 'A5220', 'A5223', 'A5222', 'A5221', 'A5218', 'A5215', 'A5214', 'A5227', 'A5703', 'A5229', 'A5222', 'A5225', 'A5226', 'A5161', 'A5702', 'A5156', 'N-0498', 'A5156', 'A5159', 'A5179', 'A5164', 'A5165', 'A5182', 'A5181', 'A5180', 'A5164', 'A5165', 'A5182', 'A5181', 'A5180', 'A5164', 'A5179', 'A5705', 'A5165', 'A5164', 'A5180', 'A5184', 'A5180', 'A5186', 'A5185', 'A5186', 'A5188', 'A5190', 'A5191', 'A5190', 'A5192', 'A5193', 'A5194', 'A5195', 'A5198', 'A5199', 'A5200', 'A5199', 'A5201', 'A5202', 'A5201', 'A5503', 'A5203', 'A5204', 'A5205', 'A5204', 'A5208', 'A5207', 'A5206', 'A5503', 'A5196', 'A5195', 'A5194', 'A5193', 'A5199', 'A5198', 'A5195', 'A5196', 'A5197', 'A5196', 'A5503', 'A5201', 'A5199', 'A5193', 'A5192', 'A5190', 'A5188', 'A5189', 'A5188', 'A5186', 'A5187', 'A5186', 'A5180', 'A5181', 'A5182', 'A5165', 'A5705', 'A5177', 'A5178', 'A5177', 'A5706', 'A5166', 'A5243', 'A5242', 'A5244', 'A5247', 'A5244', 'A5707', 'A5246', 'A5245', 'A5246', 'A5707']"
25,A5175,"['A5175', 'A5172', 'A5175', 'A5172', 'A5175', 'A5172', 'A5173', 'A5172', 'A5171', 'A5170', 'A5171', 'A5170', 'A5171', 'A5170', 'A5171', 'A5170', 'A5171', 'A5172', 'A5173', 'A5174', 'A5173', 'A5172', 'A5175', 'A5172', 'A5171', 'A5170', 'A5168', 'A5170', 'A5171', 'A5172', 'A5173', 'A5174', 'A5173', 'A5172', 'A5175', 'A5172', 'A5171', 'A5170', 'A5168', 'A5169', 'A5168', 'A5900', 'A5176', 'A5706', 'A5177', 'A5705', 'A5179', 'A5159', 'A5163', 'A5217', 'A5216', 'A5218', 'A5221', 'A5222', 'A5229', 'A5703', 'A5230', 'A5231', 'A5232', 'A5233', 'A5234', 'A5233', 'A5232', 'A5231', 'A5230', 'A5703', 'A5229', 'A5222', 'A5225', 'A5226', 'A5161', 'A5702', 'A5156', 'N-0498', 'A5156', 'A5159', 'A5179', 'A5164', 'A5165', 'A5182', 'A5181', 'A5180', 'A5184', 'A5180', 'A5186', 'A5185', 'A5186', 'A5188', 'A5190', 'A5191', 'A5190', 'A5192', 'A5193', 'A5194', 'A5195', 'A5198', 'A5199', 'A5200', 'A5199', 'A5201', 'A5202', 'A5201', 'A5503', 'A5203', 'A5204', 'A5205', 'A5204', 'A5208', 'A5207', 'A5206', 'A5503', 'A5196', 'A5195', 'A5194', 'A5193', 'A5199', 'A5198', 'A5195', 'A5196', 'A5197', 'A5196', 'A5195', 'A5194', 'A5193', 'A5199', 'A5198', 'A5195', 'A5196', 'A5197', 'A5196', 'A5503', 'A5201', 'A5199', 'A5193', 'A5192', 'A5190', 'A5188', 'A5189', 'A5188', 'A5190', 'A5191', 'A5190', 'A5192', 'A5190', 'A5188', 'A5189', 'A5188', 'A5186', 'A5185', 'A5186', 'A5188', 'A5190', 'A5188', 'A5189', 'A5188', 'A5186', 'A5187', 'A5186', 'A5180', 'A5184', 'A5180', 'A5186', 'A5185', 'A5186', 'A5188', 'A5190', 'A5191', 'A5190', 'A5192', 'A5193', 'A5194', 'A5195', 'A5198', 'A5199', 'A5200', 'A5199', 'A5201', 'A5202', 'A5201', 'A5503', 'A5203', 'A5204', 'A5205', 'A5204', 'A5208', 'A5207', 'A5206', 'A5503', 'A5196', 'A5195', 'A5194', 'A5193', 'A5199', 'A5198', 'A5195', 'A5196', 'A5197', 'A5196', 'A5503', 'A5201', 'A5199', 'A5193', 'A5192', 'A5190', 'A5188', 'A5189', 'A5188', 'A5186', 'A5187', 'A5186', 'A5180', 'A5181', 'A5182', 'A5183', 'A5182', 'A5165', 'A5705', 'A5177', 'A5178', 'A5177', 'A5706', 'A5166', 'A5243', 'A5242', 'A5244', 'A5247', 'A5244', 'A5707', 'A5246', 'A5245', 'A5246', 'A5707', 'A5251', 'N-0512', 'A5251', 'A5250', 'A5252', 'A5253', 'A5254', 'A5255', 'A5254', 'A5260', 'A5257', 'N-0509', 'A5257', 'A5256', 'A5253', 'A5252', 'A5265', 'A5263', 'A5261', 'A5259', 'A5256', 'A5257', 'A5260', 'A5254', 'A5253', 'A5256', 'A5259', 'A5261', 'N-0510', 'A5262', 'A5267', 'A5266', 'A5269', 'A5709', 'A5270', 'A5271', 'A5270', 'A5272', 'A5273', 'A5274', 'A5304', 'A5303', 'A5302', 'A5299', 'N-0508', 'A5299', 'A5298', 'A5297', 'A5296', 'A5295', 'A5294', 'A5292', 'A5291', 'A5290', 'A5289', 'A5288', 'A5287', 'A5286', 'A5284', 'A5282', 'A5281', 'N-0501', 'N-0500', 'N-0502', 'N-0504', 'N-0502', 'N-0506', 'N-0502', 'N-0504', 'N-0502', 'N-0506', 'N-0502', 'N-0500', 'A5280', 'A5520', 'A5278', 'A5279', 'A5278', 'A5520', 'A5280', 'N-2923', 'N-0499', 'N-2923', 'N-2922', 'N-2923', 'A5280', 'N-0500', 'N-0501', 'N-0503', 'N-0507', 'N-0503', 'N-0505', 'N-0503', 'N-0501', 'A5281', 'A5283', 'A5281', 'A5282', 'A5284', 'A5285', 'A5284', 'A5286', 'A5287', 'A5288', 'A5289', 'A5290', 'A5291', 'A5292', 'A5293', 'A5309', 'A5310', 'A5346', 'A5311', 'A5346', 'AN-1868', 'A5350', 'A5355', 'A5353', 'A5352', 'A5350', 'AN-1868', 'A5312', 'A5313', 'A5315', 'A5316', 'A5321', 'A5320', 'A5319', 'A5318', 'A5326', 'A5327', 'A5345', 'A5344', 'A5340', 'A5339', 'A5338', 'A5337', 'A5330', 'A5331', 'A5332', 'A5333', 'A5334', 'A5335', 'A5336', 'A5337', 'A5338', 'A5339', 'A5341', 'A5342', 'A5341', 'A5339', 'A5343', 'A5339', 'A5340', 'A5344', 'A5345', 'A5312', 'AN-1868', 'A5346', 'A5347', 'A5348', 'A5347', 'A5349', 'A5307', 'A5305', 'A5709', 'A5262', 'N-0510', 'A5264', 'N-0511', 'A5265', 'A5252', 'A5250', 'A5249', 'A5248', 'A5269', 'A5266', 'N-0511', 'A5264', 'N-0510', 'A5261', 'A5263', 'A5265', 'N-0511', 'A5266', 'A5267', 'A5262', 'A5709', 'A5269', 'A5248', 'A5900', 'A5167', 'A5244', 'A5242', 'A5708', 'A5242', 'A5243', 'A5166', 'A5706', 'A5176', 'A5900', 'A5248', 'A5249', 'A5250', 'A5251', 'A5707', 'N-0513', 'A5707', 'A5244', 'A5167', 'A5900', 'A5168', 'A5169', 'A5168', 'A5170', 'A5171', 'A5172', 'A5175', 'A5172', 'A5173', 'A5174', 'A5173', 'A5172', 'A5171', 'A5170', 'A5168', 'A5900', 'A5176', 'A5706', 'A5177', 'A5705', 'A5179', 'A5159', 'A5163', 'A5217', 'A5216', 'A5220', 'A5223', 'A5222', 'A5225', 'A5226', 'A5161', 'A5702', 'A5156', 'N-0498', 'A5156', 'A5159', 'A5179', 'A5164', 'A5165', 'A5182', 'A5181', 'A5180', 'A5164', 'A5179', 'A5705', 'A5165', 'A5164', 'A5180', 'A5184', 'A5180', 'A5186', 'A5185', 'A5186', 'A5188', 'A5190', 'A5191', 'A5190']"
26,A5175,"['A5175', 'A5172', 'A5173', 'A5172', 'A5173', 'A5174', 'A5173', 'A5174', 'A5173', 'A5172', 'A5173', 'A5174', 'A5173', 'A5172', 'A5175', 'A5172', 'A5171', 'A5170', 'A5171', 'A5172', 'A5173', 'A5174', 'A5173', 'A5172', 'A5175', 'A5172', 'A5171', 'A5170', 'A5168', 'A5170', 'A5171', 'A5172', 'A5173', 'A5174', 'A5173', 'A5172', 'A5175', 'A5172', 'A5171', 'A5170', 'A5168', 'A5169', 'A5168', 'A5900', 'A5176', 'A5706', 'A5177', 'A5705', 'A5179', 'A5159', 'A5163', 'A5217', 'A5216', 'A5218', 'A5216', 'A5218', 'A5216', 'A5218', 'A5221', 'A5218', 'A5215', 'A5214', 'A5227', 'A5703', 'A5229', 'A5222', 'A5225', 'A5226', 'A5161', 'A5154', 'A5152', 'A5061', 'A5073', 'A5072', 'A5074', 'A5076', 'A5069', 'A5068', 'A5070', 'A5071', 'A5070', 'A5072', 'A5073', 'A5055', 'N-0489', 'A5055', 'A5008', 'N-0460', 'A5008', 'A5006', 'A5004', 'A5080', 'A5102', 'A4200', 'N-0474', 'A4200', 'A5102', 'A5080', 'A5081', 'A5082', 'N-0492', 'A5145', 'N-0490', 'A5150', 'AN-1865', 'N-0455', 'AN-1866', 'N-0481', 'AN-1866', 'AN1866A', 'A5446', 'A5445', 'A5444', 'A5443', 'A5442', 'A5441', 'A5439', 'A5440', 'A5439', 'A5419', 'A5418', 'A5417', 'A5415', 'A5414', 'A5413', 'N-0493', 'N-0494', 'N-0495', 'N-0494', 'N-0496', 'N-0494', 'N-0493', 'A5411', 'A5410', 'A5401', 'A5388', 'A5105', 'A5386', 'A5385', 'A5384', 'A5452', 'A5453', 'A5454', 'A5455', 'A5456', 'A5457', 'A5458', 'A5459', 'A5455', 'A5454', 'A5460', 'A5454', 'A5483', 'A5461', 'A5462', 'A5461', 'A5483', 'A5482', 'A5484', 'A5485', 'A5484', 'A5482', 'A5476', 'A5475', 'A5468', 'A5467', 'A5466', 'A5453', 'A5452', 'A5384', 'A5374', 'A5373', 'A5372', 'A5336', 'A5335', 'A5331', 'A5330', 'A5337', 'A5336', 'A5372', 'A5373', 'A5374', 'A5375', 'A5377', 'A5375', 'A5376', 'A5375', 'A5378', 'A5379', 'A5378', 'A5380', 'A5381', 'A5382', 'A5383', 'A5382', 'A5381', 'A5380', 'A5378', 'A5375', 'A5374', 'A5384', 'A5385', 'A5386', 'A5387', 'A5386', 'A5105', 'A5397', 'A5398', 'A5397', 'A5399', 'A5400', 'A5399', 'A5397', 'A5105', 'A5388', 'A5392', 'A5393', 'A5394', 'A5393', 'A5392', 'A5395', 'A5396', 'A5395', 'A5392', 'A5388', 'A5389', 'A5391', 'A5389', 'A5390', 'A5389', 'A5388', 'A5401', 'A5402', 'A5403', 'A5404', 'A5403', 'A5405', 'A5406', 'A5407', 'A5406', 'A5408', 'A5406', 'A5405', 'A5409', 'A5410', 'A5411', 'A5412', 'A5411', 'N-0493', 'A5413', 'A5414', 'A5415', 'A5417', 'A5418', 'A5419', 'A5420', 'A5421', 'A5422', 'A5424', 'A5422', 'A5423', 'A5422', 'A5421', 'A5420', 'A5425', 'A5427', 'A5428', 'A5427', 'A5429', 'A5430', 'A5429', 'A5431', 'A5429', 'A5432', 'A5433', 'A5434', 'A5435', 'A5434', 'A5436', 'A5437', 'A5438', 'A2148', 'A5438', 'A5437', 'A5436', 'A5434', 'A5433', 'A5432', 'A5429', 'A5427', 'A5425', 'A5426', 'A5425', 'A5420', 'A5419', 'A5439', 'A5441', 'A5442', 'A5443', 'A5444', 'A5445', 'A5446', 'A5447', 'A5448', 'A5447', 'A5449', 'A5450', 'A5449', 'A5451', 'A5449', 'A5447', 'A5446', 'AN1866A', 'AN-1866', 'N-0455', 'AN-1865', 'A5150', 'N-0490', 'N-0491', 'N-0490', 'A5145', 'A5146', 'N-0480', 'A5146', 'A5145', 'N-0492', 'A5519', 'N-0458', 'A5519', 'N-0492', 'A5082', 'A5089', 'A5083', 'A5084', 'A5085', 'A5086', 'A5087', 'A5088', 'N-0479', 'A5088', 'A5087', 'A5081', 'A5080', 'A5004', 'A5077', 'A5069', 'A5076', 'A5074', 'N-0497', 'A5074', 'A5072', 'A5070', 'A5068', 'A5067', 'N-0457', 'A5067', 'A5066', 'A5064', 'A5063', 'A5060', 'A5061', 'A5152', 'A5153', 'A5152', 'A5154', 'A5240', 'A5704', 'A5703', 'A5227', 'A5234', 'A5233', 'A5232', 'A5209', 'A5208', 'A5204', 'A5203', 'A5503', 'A5206', 'A5207', 'A5517', 'A5502', 'A5517', 'A5516', 'A5509', 'A5510', 'A5509', 'A5511', 'A5513', 'A5511', 'A5514', 'A5700', 'A5701', 'A5700', 'A5514', 'AN-1871', 'A5514', 'A5511', 'A5509', 'A5516', 'A5515', 'A5516', 'A5517', 'A5207', 'A5208', 'A5209', 'A5232', 'A5231', 'A5237', 'A5235', 'A5704', 'A5240', 'A5154', 'A5161', 'A5226', 'A5225', 'A5222', 'A5223', 'A5224', 'A5158', 'A5163', 'A5159', 'A5156', 'A5702', 'A5161', 'A5154', 'A5152', 'A5061', 'A5073', 'A5072', 'A5074', 'A5076', 'A5069', 'A5068', 'A5070', 'A5071', 'A5070', 'A5072', 'A5073', 'A5055', 'N-0489', 'A5055', 'A5008', 'N-0460', 'A5008', 'A5006', 'A5004', 'A5003', 'A5001', 'A5001A', 'A5000', 'A4195', 'A4191', 'A4190', 'A4189', 'A4113', 'A4112', 'A4127', 'A4002', 'A4001', 'A4000', 'A4000A', 'AN-1861', 'N-3345', 'AN-1861', 'A4000A', 'A4000', 'A4001', 'A4002', 'A4127', 'A4112', 'A4113', 'A4189', 'A4190', 'A4191', 'A4195', 'A5000', 'A5001A', 'A5001', 'A5003', 'A5004', 'A5006', 'A5008', 'A5009', 'A5010', 'A5012', 'N-0473', 'A5012', 'A5010', 'A5011', 'A5013', 'N-0472', 'A5013', 'A5011', 'A5014', 'A5015', 'A5016', 'A5017', 'N-0463', 'A5017', 'A5016']"
27,A5175,"['A5175', 'A5172', 'A5171', 'A5172', 'A5171', 'A5170', 'A5171', 'A5172', 'A5175', 'A5172', 'A5171', 'A5172', 'A5173', 'A5174', 'A5173', 'A5172', 'A5175', 'A5172', 'A5171', 'A5170', 'A5171', 'A5172', 'A5173', 'A5174', 'A5173', 'A5172', 'A5175', 'A5172', 'A5171', 'A5170', 'A5168', 'A5170', 'A5171', 'A5172', 'A5173', 'A5174', 'A5173', 'A5172', 'A5175', 'A5172', 'A5171', 'A5170', 'A5168', 'A5169', 'A5168', 'A5900', 'A5176', 'A5706', 'A5177', 'A5705', 'A5179', 'A5159', 'A5163', 'A5217', 'A5216', 'A5220', 'A5223', 'A5222', 'A5221', 'A5222', 'A5229', 'A5703', 'A5230', 'A5231', 'A5232', 'A5231', 'A5237', 'A5235', 'A5704', 'A5240', 'A5154', 'A5161', 'A5226', 'A5225', 'A5222', 'A5225', 'A5226', 'A5161', 'A5702', 'A5156', 'N-0498', 'A5156', 'A5159', 'A5179', 'A5164', 'A5165', 'A5182', 'A5181', 'A5180', 'A5164', 'A5165', 'A5182', 'A5181', 'A5180', 'A5164', 'A5179', 'A5159', 'A5163', 'A5217', 'A5216', 'A5220', 'A5223', 'A5222', 'A5225', 'A5226', 'A5161', 'A5702', 'A5156', 'N-0498', 'A5156', 'A5702', 'A5161', 'A5154', 'A5152', 'A5061', 'A5073', 'A5072', 'A5074', 'A5076', 'A5069', 'A5068', 'A5070', 'A5071', 'A5070', 'A5072', 'A5073', 'A5061', 'A5060', 'A5063', 'A5064', 'A5065', 'A5064', 'A5066', 'A5067', 'A5068', 'A5069', 'A5077', 'A5078', 'A5077', 'A5004', 'A5003', 'A5001', 'A5001A', 'A5000', 'A4195', 'A4191', 'A4190', 'A4189', 'A4113', 'A4112', 'A4127', 'A4002', 'A4001', 'A4000', 'A4000A', 'AN-1861', 'N-3345', 'AN-1861', 'A4000A', 'A4000', 'A4001', 'A4002', 'A4127', 'A4112', 'A4113', 'A4189', 'A4190', 'A4191', 'A4195', 'A5000', 'A5001A', 'A5001', 'A5003', 'A5004', 'A5006', 'A5008', 'A5009', 'A5010', 'A5012', 'N-0473', 'A5012', 'A5010', 'A5011', 'A5013', 'N-0472', 'A5013', 'A5011', 'A5014', 'A5015', 'A5016', 'A5017', 'N-0463', 'A5017', 'A5016', 'A5020', 'A5019', 'A5032', 'A5030', 'A5033', 'N-0461', 'A5033', 'A5030', 'A5029', 'A5028', 'A5031', 'A5027', 'A5026', 'A5036', 'N-0484', 'N-0485', 'N-0484', 'A5035', 'N-0464', 'A5035', 'A5034', 'A5028', 'A5029', 'A5030', 'A5032', 'A5019', 'A5018', 'A5054', 'A5053', 'N-0483', 'N-0482', 'A5050', 'N-0465', 'A5050', 'A5049', 'A5048', 'A5036', 'A5026', 'A5025', 'A5024', 'A5040', 'A5038', 'A5037', 'A5041', 'A5042', 'N-0468', 'A5042', 'A5041', 'A5043', 'A5044', 'N-0469', 'A5044', 'A5043', 'A5045', 'A5046', 'N-0470', 'A5046', 'A5045', 'A5047', 'N-0471', 'A5047', 'A5045', 'A5043', 'A5041', 'A5037', 'A5036', 'A5048', 'A5049', 'A5050', 'A5051', 'N-0467', 'A5051', 'A5050', 'N-0482', 'A5052', 'A5053', 'A5054', 'A5018', 'A5014', 'A5011', 'A5010', 'A5009', 'A5008', 'A5055', 'A5073', 'A5061', 'A5060', 'A5063', 'A5064', 'A5065', 'A5064', 'A5066', 'A5067', 'A5068', 'A5069', 'A5077', 'A5078', 'A5077', 'A5004', 'A5003', 'A5001', 'A5001A', 'A5000', 'A4195', 'A4191', 'A4190', 'A4189', 'A4113', 'A4112', 'A4127', 'A4002', 'A4001', 'A4000', 'A4000A', 'AN-1861', 'N-3345', 'AN-1861', 'A4000A', 'A4000', 'A4001', 'A4002', 'A4127', 'A4112', 'A4113', 'A4189', 'A4190', 'A4191', 'A4195', 'A5000', 'A5001A', 'A5001', 'A5003', 'A5004', 'A5006', 'A5008', 'A5009', 'A5010', 'A5012', 'N-0473', 'A5012', 'A5010', 'A5011', 'A5013', 'N-0472', 'A5013', 'A5011', 'A5014', 'A5015', 'A5016', 'A5017', 'N-0463', 'A5017', 'A5016', 'A5020', 'A5019', 'A5032', 'A5030', 'A5033', 'N-0461', 'A5033', 'A5030', 'A5029', 'A5028', 'A5031', 'A5027', 'A5026', 'A5036', 'N-0484', 'N-0485', 'N-0484', 'A5035', 'N-0464', 'A5035', 'A5034', 'A5028', 'A5029', 'A5030', 'A5032', 'A5019', 'A5018', 'A5054', 'A5053', 'N-0483', 'N-0482', 'A5050', 'N-0465', 'A5050', 'A5049', 'A5048', 'A5036', 'A5026', 'A5025', 'A5024', 'A5040', 'A5038', 'A5037', 'A5041', 'A5042', 'N-0468', 'A5042', 'A5041', 'A5043', 'A5044', 'N-0469', 'A5044', 'A5043', 'A5045', 'A5046', 'N-0470', 'A5046', 'A5045', 'A5047', 'N-0471', 'A5047', 'A5045', 'A5043', 'A5041', 'A5037', 'A5036', 'A5048', 'A5049', 'A5050', 'A5051', 'N-0467', 'A5051', 'A5050', 'N-0482', 'A5052', 'A5053', 'A5054', 'A5018', 'A5014', 'A5011', 'A5010', 'A5009', 'A5008', 'A5055', 'A5073', 'A5061', 'A5060', 'A5063', 'A5064', 'A5065', 'A5064', 'A5066', 'A5067', 'A5068', 'A5069', 'A5077', 'A5078', 'A5077', 'A5004', 'A5006', 'A5008', 'A5009', 'A5010', 'A5012', 'N-0473', 'A5012', 'A5010', 'A5011', 'A5013', 'N-0472', 'A5013', 'A5011', 'A5014', 'A5015', 'A5016', 'A5017', 'N-0463', 'A5017', 'A5016', 'A5020', 'A5019', 'A5032', 'A5030', 'A5033', 'N-0461', 'A5033', 'A5030', 'A5029', 'A5028', 'A5031', 'A5027', 'A5026', 'A5036', 'N-0484', 'N-0485', 'N-0484', 'A5035', 'N-0464', 'A5035', 'A5034', 'A5028', 'A5029', 'A5030', 'A5032', 'A5019', 'A5018', 'A5054', 'A5053', 'N-0483', 'N-0482', 'A5050', 'N-0465', 'A5050']"
28,A5175,"['A5175', 'A5172', 'A5175', 'A5172', 'A5175', 'A5172', 'A5171', 'A5170', 'A5171', 'A5172', 'A5175', 'A5172', 'A5171', 'A5172', 'A5173', 'A5174', 'A5173', 'A5172', 'A5175', 'A5172', 'A5171', 'A5170', 'A5171', 'A5172', 'A5173', 'A5174', 'A5173', 'A5172', 'A5175', 'A5172', 'A5171', 'A5170', 'A5168', 'A5170', 'A5171', 'A5172', 'A5173', 'A5174', 'A5173', 'A5172', 'A5175', 'A5172', 'A5171', 'A5170', 'A5168', 'A5169', 'A5168', 'A5900', 'A5176', 'A5706', 'A5177', 'A5705', 'A5179', 'A5159', 'A5163', 'A5217', 'A5216', 'A5220', 'A5223', 'A5222', 'A5225', 'A5226', 'A5161', 'A5702', 'A5156', 'N-0498', 'A5156', 'A5702', 'A5161', 'A5226', 'A5225', 'A5222', 'A5221', 'A5218', 'A5215', 'A5214', 'A5227', 'A5703', 'A5229', 'A5222', 'A5225', 'A5226', 'A5161', 'A5702', 'A5156', 'N-0498', 'A5156', 'A5159', 'A5179', 'A5164', 'A5180', 'A5184', 'A5180', 'A5186', 'A5185', 'A5186', 'A5188', 'A5190', 'A5191', 'A5190', 'A5192', 'A5193', 'A5194', 'A5195', 'A5198', 'A5199', 'A5200', 'A5199', 'A5201', 'A5202', 'A5201', 'A5503', 'A5203', 'A5204', 'A5205', 'A5204', 'A5208', 'A5207', 'A5206', 'A5503', 'A5196', 'A5197', 'A5196', 'A5503', 'A5201', 'A5199', 'A5193', 'A5192', 'A5190', 'A5188', 'A5190', 'A5191', 'A5190', 'A5192', 'A5193', 'A5194', 'A5195', 'A5198', 'A5199', 'A5200', 'A5199', 'A5193', 'A5192', 'A5193', 'A5194', 'A5195', 'A5198', 'A5199', 'A5200', 'A5199', 'A5201', 'A5202', 'A5201', 'A5503', 'A5203', 'A5204', 'A5205', 'A5204', 'A5208', 'A5207', 'A5206', 'A5503', 'A5196', 'A5195', 'A5194', 'A5193', 'A5199', 'A5198', 'A5195', 'A5196', 'A5197', 'A5196', 'A5503', 'A5201', 'A5199', 'A5193', 'A5194', 'A5193', 'A5199', 'A5198', 'A5195', 'A5196', 'A5197', 'A5196', 'A5503', 'A5201', 'A5199', 'A5193', 'A5192', 'A5190', 'A5188', 'A5189', 'A5188', 'A5186', 'A5187', 'A5186', 'A5180', 'A5181', 'A5182', 'A5183', 'A5182', 'A5165', 'A5705', 'A5177', 'A5178', 'A5177', 'A5706', 'A5166', 'A5243', 'A5242', 'A5244', 'A5247', 'A5244', 'A5707', 'A5246', 'A5245', 'A5246', 'A5707', 'A5251', 'N-0512', 'A5251', 'A5250', 'A5252', 'A5253', 'A5254', 'A5255', 'A5254', 'A5260', 'A5257', 'N-0509', 'A5257', 'A5256', 'A5259', 'A5261', 'N-0510', 'A5262', 'A5267', 'A5266', 'A5269', 'A5709', 'A5270', 'A5271', 'A5270', 'A5272', 'A5273', 'A5274', 'A5304', 'A5303', 'A5302', 'A5299', 'N-0508', 'A5299', 'A5298', 'A5297', 'A5296', 'A5295', 'A5294', 'A5292', 'A5291', 'A5290', 'A5289', 'A5290', 'A5291', 'A5292', 'A5293', 'A5309', 'A5310', 'A5346', 'A5311', 'A5346', 'AN-1868', 'A5350', 'A5355', 'A5353', 'A5352', 'A5350', 'AN-1868', 'A5312', 'A5313', 'A5315', 'A5316', 'A5321', 'A5320', 'A5319', 'A5324', 'A5322', 'A5321', 'A5316', 'A5317', 'A5318', 'A5319', 'A5320', 'A5321', 'A5322', 'A5323', 'A5322', 'A5324', 'A5319', 'A5318', 'A5326', 'A5327', 'A5345', 'A5344', 'A5340', 'A5339', 'A5338', 'A5337', 'A5330', 'A5331', 'A5332', 'A5333', 'A5334', 'A5335', 'A5336', 'A5337', 'A5338', 'A5339', 'A5341', 'A5342', 'A5341', 'A5339', 'A5343', 'A5339', 'A5340', 'A5344', 'A5345', 'A5312', 'AN-1868', 'A5346', 'A5347', 'A5348', 'A5347', 'A5349', 'A5307', 'A5305', 'A5709', 'A5262', 'N-0510', 'A5264', 'N-0511', 'A5265', 'A5252', 'A5250', 'A5249', 'A5248', 'A5269', 'A5266', 'N-0511', 'A5264', 'N-0510', 'A5261', 'A5263', 'A5265', 'N-0511', 'A5266', 'A5267', 'A5262', 'A5709', 'A5269', 'A5248', 'A5900', 'A5167', 'A5244', 'A5242', 'A5708', 'A5242', 'A5243', 'A5166', 'A5706', 'A5176', 'A5900', 'A5248', 'A5249', 'A5250', 'A5251', 'A5707', 'N-0513', 'A5707', 'A5244', 'A5167', 'A5900', 'A5168', 'A5169', 'A5168', 'A5170', 'A5171', 'A5172', 'A5175', 'A5172', 'A5173', 'A5174', 'A5173', 'A5172', 'A5171', 'A5170', 'A5168', 'A5900', 'A5176', 'A5706', 'A5177', 'A5705', 'A5179', 'A5159', 'A5163', 'A5217', 'A5216', 'A5220', 'A5223', 'A5222', 'A5225', 'A5226', 'A5161', 'A5702', 'A5156', 'N-0498', 'A5156', 'A5159', 'A5179', 'A5164', 'A5180', 'A5184', 'A5180', 'A5186', 'A5185', 'A5186', 'A5188', 'A5190', 'A5191', 'A5190', 'A5192', 'A5193', 'A5194', 'A5195', 'A5198', 'A5199', 'A5200', 'A5199', 'A5201', 'A5202', 'A5201', 'A5503', 'A5203', 'A5204', 'A5205', 'A5204', 'A5208', 'A5207', 'A5206', 'A5503', 'A5196', 'A5195', 'A5194', 'A5193', 'A5199', 'A5198', 'A5195', 'A5196', 'A5197', 'A5196', 'A5197', 'A5196', 'A5503', 'A5201', 'A5199', 'A5193', 'A5192', 'A5190', 'A5188', 'A5190', 'A5191', 'A5190', 'A5192', 'A5193', 'A5194', 'A5195', 'A5198', 'A5199', 'A5200', 'A5199', 'A5201', 'A5202', 'A5201', 'A5503', 'A5203', 'A5204', 'A5205', 'A5204', 'A5208', 'A5207', 'A5206', 'A5503', 'A5196', 'A5195', 'A5194', 'A5193', 'A5199', 'A5198', 'A5195', 'A5196', 'A5197']"
29,A5175,"['A5175', 'A5172', 'A5173', 'A5174', 'A5173', 'A5172', 'A5175', 'A5172', 'A5173', 'A5174', 'A5173', 'A5172', 'A5175', 'A5172', 'A5171', 'A5172', 'A5173', 'A5174', 'A5173', 'A5172', 'A5175', 'A5172', 'A5171', 'A5170', 'A5171', 'A5172', 'A5173', 'A5174', 'A5173', 'A5172', 'A5175', 'A5172', 'A5171', 'A5170', 'A5168', 'A5170', 'A5171', 'A5172', 'A5173', 'A5174', 'A5173', 'A5172', 'A5175', 'A5172', 'A5171', 'A5170', 'A5168', 'A5169', 'A5168', 'A5900', 'A5176', 'A5706', 'A5177', 'A5705', 'A5179', 'A5159', 'A5163', 'A5217', 'A5216', 'A5218', 'A5216', 'A5220', 'A5223', 'A5222', 'A5221', 'A5218', 'A5215', 'A5214', 'A5227', 'A5703', 'A5229', 'A5222', 'A5229', 'A5703', 'A5230', 'A5231', 'A5232', 'A5231', 'A5237', 'A5235', 'A5704', 'A5240', 'A5154', 'A5161', 'A5226', 'A5225', 'A5222', 'A5225', 'A5226', 'A5161', 'A5702', 'A5156', 'N-0498', 'A5156', 'A5159', 'A5179', 'A5164', 'A5165', 'A5182', 'A5181', 'A5180', 'A5164', 'A5179', 'A5705', 'A5165', 'A5164', 'A5180', 'A5184', 'A5180', 'A5186', 'A5185', 'A5186', 'A5188', 'A5190', 'A5191', 'A5190', 'A5192', 'A5193', 'A5194', 'A5195', 'A5198', 'A5199', 'A5200', 'A5199', 'A5201', 'A5202', 'A5201', 'A5503', 'A5203', 'A5204', 'A5205', 'A5204', 'A5208', 'A5207', 'A5206', 'A5503', 'A5196', 'A5195', 'A5194', 'A5193', 'A5199', 'A5198', 'A5195', 'A5196', 'A5197', 'A5196', 'A5503', 'A5201', 'A5199', 'A5193', 'A5192', 'A5190', 'A5191', 'A5190', 'A5192', 'A5193', 'A5194', 'A5195', 'A5198', 'A5199', 'A5200', 'A5199', 'A5201', 'A5202', 'A5201', 'A5503', 'A5203', 'A5204', 'A5205', 'A5204', 'A5208', 'A5207', 'A5206', 'A5503', 'A5196', 'A5195', 'A5194', 'A5195', 'A5198', 'A5199', 'A5200', 'A5199', 'A5201', 'A5202', 'A5201', 'A5503', 'A5203', 'A5204', 'A5205', 'A5204', 'A5208', 'A5207', 'A5206', 'A5503', 'A5196', 'A5195', 'A5194', 'A5193', 'A5199', 'A5198', 'A5195', 'A5196', 'A5197', 'A5196', 'A5503', 'A5201', 'A5199', 'A5193', 'A5192', 'A5190', 'A5188', 'A5189', 'A5188', 'A5186', 'A5187', 'A5186', 'A5180', 'A5181', 'A5182', 'A5183', 'A5182', 'A5165', 'A5705', 'A5177', 'A5178', 'A5177', 'A5706', 'A5166', 'A5243', 'A5242', 'A5244', 'A5247', 'A5244', 'A5707', 'A5246', 'A5245', 'A5246', 'A5707', 'A5251', 'N-0512', 'A5251', 'A5250', 'A5252', 'A5253', 'A5254', 'A5255', 'A5254', 'A5260', 'A5257', 'N-0509', 'A5257', 'A5256', 'A5253', 'A5252', 'A5265', 'A5263', 'A5261', 'A5259', 'A5256', 'A5257', 'A5260', 'A5254', 'A5253', 'A5256', 'A5259', 'A5261', 'N-0510', 'A5262', 'A5267', 'A5266', 'A5269', 'A5709', 'A5270', 'A5272', 'A5273', 'A5274', 'A5304', 'A5303', 'A5302', 'A5299', 'N-0508', 'A5299', 'A5300', 'A5301', 'A5306', 'A5301', 'A5300', 'A5299', 'A5302', 'A5303', 'A5304', 'A5274', 'A5304', 'A5303', 'A5302', 'A5299', 'N-0508', 'A5299', 'A5298', 'A5297', 'A5296', 'A5295', 'A5294', 'A5292', 'A5291', 'A5290', 'A5289', 'A5288', 'A5287', 'A5286', 'A5284', 'A5282', 'A5281', 'N-0501', 'N-0500', 'N-0502', 'N-0504', 'N-0502', 'N-0506', 'N-0502', 'N-0500', 'A5280', 'A5520', 'A5278', 'A5277', 'A5274', 'A5273', 'A5272', 'A5270', 'A5709', 'A5305', 'A5307', 'A5349', 'A5347', 'A5346', 'A5310', 'A5355', 'A5350', 'AN-1868', 'A5312', 'A5313', 'A5315', 'A5316', 'A5321', 'A5320', 'A5319', 'A5324', 'A5322', 'A5321', 'A5316', 'A5317', 'A5318', 'A5319', 'A5320', 'A5321', 'A5322', 'A5323', 'A5322', 'A5324', 'A5319', 'A5320', 'A5321', 'A5322', 'A5323', 'A5322', 'A5324', 'A5319', 'A5318', 'A5326', 'A5327', 'A5345', 'A5344', 'A5340', 'A5339', 'A5341', 'A5342', 'A5341', 'A5339', 'A5343', 'A5339', 'A5340', 'A5344', 'A5345', 'A5312', 'AN-1868', 'A5346', 'A5347', 'A5348', 'A5347', 'A5349', 'A5307', 'A5305', 'A5709', 'A5262', 'N-0510', 'A5264', 'N-0511', 'A5265', 'A5252', 'A5250', 'A5249', 'A5248', 'A5269', 'A5266', 'N-0511', 'A5264', 'N-0510', 'A5261', 'A5263', 'A5265', 'N-0511', 'A5266', 'A5267', 'A5262', 'A5709', 'A5269', 'A5248', 'A5900', 'A5167', 'A5244', 'A5242', 'A5708', 'A5242', 'A5243', 'A5166', 'A5706', 'A5176', 'A5900', 'A5248', 'A5249', 'A5250', 'A5251', 'A5707', 'N-0513', 'A5707', 'A5244', 'A5167', 'A5900', 'A5168', 'A5900', 'A5176', 'A5706', 'A5177', 'A5705', 'A5179', 'A5159', 'A5163', 'A5217', 'A5216', 'A5218', 'A5221', 'A5222', 'A5229', 'A5703', 'A5230', 'A5231', 'A5232', 'A5233', 'A5234', 'A5227', 'A5234', 'A5233', 'A5232', 'A5209', 'A5208', 'A5204', 'A5203', 'A5503', 'A5206', 'A5207', 'A5517', 'A5502', 'A5517', 'A5516', 'A5509', 'A5510', 'A5509', 'A5511', 'A5513', 'A5511', 'A5514', 'A5700', 'A5701', 'A5700', 'A5514', 'AN-1871', 'A5514', 'A5511', 'A5509', 'A5516', 'A5515', 'A5516', 'A5517', 'A5207', 'A5208', 'A5209', 'A5232', 'A5231', 'A5237', 'A5235']"
